#TAP_Pax7_MB_peaks Enhancers
#Created from DYSE_OUT_1906232025_2/ROSE_OUTPUT/TAP_Pax7_MB_peaks/TAP_Pax7_MB_peaks_12KB_STITCHED_TSS_DISTAL_ENHANCER_REGION_MAP.txt
#Ranked by myobH3K27ac.bam
#Using cutoff of 162.5472 for Super-Enhancers
#Created on Jun 23 2019 
REGION_ID	CHROM	START	STOP	NUM_LOCI	CONSTITUENT_SIZE	myobH3K27ac.bam	Input_MB.bam	enhancerRank	isSuper
3_TAP_Pax7_MB_peak_19597_lociStitched	chr19	61259872	61267654	3	379	19560.8352	2444.3262	1	1
2_TAP_Pax7_MB_peak_23916_lociStitched	chr3	107737836	107747931	2	385	13618.155	1284.084	2	1
1_TAP_Pax7_MB_peak_25927_lociStitched	chr4	64497812	64498000	1	189	38161.4056	26711.2844	3	1
4_TAP_Pax7_MB_peak_22441_lociStitched	chr3	5212354	5236804	4	845	13892.49	2709.06	4	1
4_TAP_Pax7_MB_peak_21742_lociStitched	chr2	128729381	128759186	4	662	13319.8545	3519.9705	5	1
2_TAP_Pax7_MB_peak_20328_lociStitched	chr2	49733257	49744363	2	296	11164.8618	1617.0336	6	1
3_TAP_Pax7_MB_peak_8993_lociStitched	chr13	28408391	28426830	3	467	9652.8165	2030.1339	7	1
2_TAP_Pax7_MB_peak_8874_lociStitched	chr13	21824785	21834526	2	363	8248.6788	1045.2093	8	1
6_TAP_Pax7_MB_peak_11823_lociStitched	chr14	76775557	76792594	6	1262	9658.2753	2862.216	9	1
1_TAP_Pax7_MB_peak_35186_lociStitched	chr9	24541954	24542196	1	243	48415.004	41725.3254	10	1
2_TAP_Pax7_MB_peak_33757_lociStitched	chr8	45576190	45587170	2	260	8220.726	1662.372	11	1
2_TAP_Pax7_MB_peak_16345_lociStitched	chr17	25914084	25923027	2	241	7495.1283	1015.9248	12	1
6_TAP_Pax7_MB_peak_26327_lociStitched	chr4	89031560	89061762	6	1331	10317.0032	4101.4316	13	1
3_TAP_Pax7_MB_peak_31572_lociStitched	chr7	29999749	30011177	3	465	7445.342	1277.6504	14	1
3_TAP_Pax7_MB_peak_35979_lociStitched	chr9	75416193	75425218	3	431	7323.7875	1173.25	15	1
2_TAP_Pax7_MB_peak_32503_lociStitched	chr7	99301665	99311509	2	342	7130.0092	986.3688	16	1
2_TAP_Pax7_MB_peak_13273_lociStitched	chr15	38699924	38712338	2	212	8049.2376	1925.4114	17	1
2_TAP_Pax7_MB_peak_26950_lociStitched	chr4	139213588	139218846	2	277	6733.3948	716.1396	18	1
2_TAP_Pax7_MB_peak_35778_lociStitched	chr9	63395170	63406991	2	347	7047.6802	1034.3375	19	1
2_TAP_Pax7_MB_peak_1459_lociStitched	chr1	90225823	90238581	2	339	7464.7058	1871.5986	20	1
2_TAP_Pax7_MB_peak_22300_lociStitched	chr2	167076486	167079775	2	267	5947.8276	385.7997	21	1
3_TAP_Pax7_MB_peak_27935_lociStitched	chr5	53937350	53950610	3	678	7306.26	1816.62	22	1
2_TAP_Pax7_MB_peak_23884_lociStitched	chr3	104635260	104645397	2	228	6660.009	1196.166	23	1
3_TAP_Pax7_MB_peak_32915_lociStitched	chr7	133082280	133100175	3	459	6973.6815	1542.549	24	1
3_TAP_Pax7_MB_peak_35347_lociStitched	chr9	35414212	35435630	3	408	7492.0164	2255.3154	25	1
2_TAP_Pax7_MB_peak_9458_lociStitched	chr13	54608587	54615611	2	339	5869.2544	762.8064	26	1
2_TAP_Pax7_MB_peak_30689_lociStitched	chr6	97216086	97223135	2	267	5991.65	934.6974	27	1
3_TAP_Pax7_MB_peak_35339_lociStitched	chr9	34989892	35003613	3	360	6365.1719	1428.3561	28	1
4_TAP_Pax7_MB_peak_13427_lociStitched	chr15	44419662	44432245	4	686	6505.411	1653.4062	29	1
2_TAP_Pax7_MB_peak_28535_lociStitched	chr5	93126914	93133980	2	309	5377.226	974.4014	30	1
3_TAP_Pax7_MB_peak_22171_lociStitched	chr2	155877786	155886899	3	399	5579.8899	1182.8674	31	1
3_TAP_Pax7_MB_peak_33819_lociStitched	chr8	48839657	48852742	3	560	5605.614	1333.3615	32	1
3_TAP_Pax7_MB_peak_10307_lociStitched	chr13	109684178	109691956	3	403	5135.0356	871.136	33	1
2_TAP_Pax7_MB_peak_19996_lociStitched	chr2	23035176	23045926	2	229	5351.35	1139.5	34	1
2_TAP_Pax7_MB_peak_28060_lociStitched	chr5	64156045	64167642	2	459	5379.8483	1173.6164	35	1
2_TAP_Pax7_MB_peak_31327_lociStitched	chr6	146908940	146918709	2	301	5570.2838	1466.3269	36	1
2_TAP_Pax7_MB_peak_36382_lociStitched	chr9	96787890	96800457	2	382	5525.7099	1573.3884	37	1
4_TAP_Pax7_MB_peak_18136_lociStitched	chr18	57259075	57271174	4	858	5157.8037	1284.9138	38	1
2_TAP_Pax7_MB_peak_35370_lociStitched	chr9	37232622	37236279	2	289	4329.5223	470.6559	39	1
2_TAP_Pax7_MB_peak_34293_lociStitched	chr8	79561654	79566274	2	249	4804.8	1011.318	40	1
4_TAP_Pax7_MB_peak_16527_lociStitched	chr17	45232069	45248072	4	726	5637.8569	1845.1459	41	1
5_TAP_Pax7_MB_peak_18071_lociStitched	chr18	54969659	54993554	5	1001	6107.562	2336.931	42	1
3_TAP_Pax7_MB_peak_19830_lociStitched	chr2	13370064	13386186	3	584	5676.5562	2007.189	43	1
3_TAP_Pax7_MB_peak_24438_lociStitched	chr3	135670974	135675285	3	418	4321.7775	706.1418	44	1
2_TAP_Pax7_MB_peak_27500_lociStitched	chr5	20947182	20956860	2	276	4576.7262	971.6712	45	1
2_TAP_Pax7_MB_peak_20587_lociStitched	chr2	60807488	60813487	2	342	4592.2345	991.6347	46	1
2_TAP_Pax7_MB_peak_11379_lociStitched	chr14	46965378	46973581	2	238	4721.6468	1158.2636	47	1
2_TAP_Pax7_MB_peak_22158_lociStitched	chr2	154788588	154794162	2	366	4090.7586	550.7112	48	1
2_TAP_Pax7_MB_peak_14315_lociStitched	chr16	4467431	4478111	2	288	4654.344	1274.124	49	1
9_TAP_Pax7_MB_peak_1321_lociStitched	chr1	81731933	81760146	9	1648	6968.611	3650.7622	50	1
2_TAP_Pax7_MB_peak_7791_lociStitched	chr12	70883335	70891064	2	243	4220.034	907.3846	51	1
3_TAP_Pax7_MB_peak_7836_lociStitched	chr12	73346533	73367864	3	383	5514.0635	2222.6902	52	1
2_TAP_Pax7_MB_peak_31016_lociStitched	chr6	119898187	119907967	2	279	4332.54	1053.306	53	1
2_TAP_Pax7_MB_peak_516_lociStitched	chr1	39272985	39282068	2	284	4272.6432	1035.462	54	1
2_TAP_Pax7_MB_peak_3510_lociStitched	chr10	25263071	25273986	2	233	5007.802	1782.4195	55	1
2_TAP_Pax7_MB_peak_14898_lociStitched	chr16	43500142	43504888	2	343	3718.0164	529.6536	56	1
4_TAP_Pax7_MB_peak_30713_lociStitched	chr6	98938059	98956351	4	514	5182.1236	2008.4616	57	1
2_TAP_Pax7_MB_peak_4148_lociStitched	chr10	59813008	59821213	2	242	4604.646	1453.926	58	1
2_TAP_Pax7_MB_peak_24173_lociStitched	chr3	122613180	122622180	2	224	4166.1	1022.4	59	1
2_TAP_Pax7_MB_peak_11757_lociStitched	chr14	73504463	73513886	2	365	4122.5625	980.9343	60	1
2_TAP_Pax7_MB_peak_17025_lociStitched	chr17	79540153	79548060	2	366	4559.1762	1424.0507	61	1
3_TAP_Pax7_MB_peak_5308_lociStitched	chr11	3846652	3859676	3	594	4764.1792	1631.9072	62	1
2_TAP_Pax7_MB_peak_23787_lociStitched	chr3	98355938	98368553	2	344	4527.5235	1422.972	63	1
2_TAP_Pax7_MB_peak_14231_lociStitched	chr15	95370654	95380297	2	264	4240.9914	1160.0529	64	1
2_TAP_Pax7_MB_peak_25021_lociStitched	chr4	5793150	5795448	2	409	3297.8598	309.081	65	1
4_TAP_Pax7_MB_peak_24033_lociStitched	chr3	116114113	116133889	4	624	5274.2592	2290.0608	66	1
3_TAP_Pax7_MB_peak_22941_lociStitched	chr3	41173113	41187683	3	344	4746.906	1824.164	67	1
2_TAP_Pax7_MB_peak_18351_lociStitched	chr18	70633771	70645173	2	305	3929.1292	1022.7594	68	1
3_TAP_Pax7_MB_peak_21282_lociStitched	chr2	102954662	102958868	3	423	3701.28	814.7022	69	1
2_TAP_Pax7_MB_peak_28210_lociStitched	chr5	74973243	74983948	2	325	3929.8055	1071.5705	70	1
3_TAP_Pax7_MB_peak_29250_lociStitched	chr6	4413304	4432530	3	631	5302.5308	2460.928	71	1
3_TAP_Pax7_MB_peak_23385_lociStitched	chr3	68597093	68610180	3	577	4441.7278	1639.8011	72	1
3_TAP_Pax7_MB_peak_20104_lociStitched	chr2	35889848	35906605	3	492	5147.7504	2352.6828	73	1
2_TAP_Pax7_MB_peak_1487_lociStitched	chr1	92376437	92387716	2	340	4010.8124	1229.411	74	1
8_TAP_Pax7_MB_peak_31784_lociStitched	chr7	51717877	51757571	8	1532	6549.51	3794.7464	75	1
2_TAP_Pax7_MB_peak_28075_lociStitched	chr5	64872690	64878764	2	306	3540.5346	914.137	76	1
2_TAP_Pax7_MB_peak_20079_lociStitched	chr2	34363819	34374619	2	355	3445.2	912.6	77	1
2_TAP_Pax7_MB_peak_35457_lociStitched	chr9	43799673	43808780	2	380	3121.8796	613.8118	78	1
2_TAP_Pax7_MB_peak_14902_lociStitched	chr16	43572844	43576644	2	264	2938.92	439.66	79	1
5_TAP_Pax7_MB_peak_1794_lociStitched	chr1	121367317	121402636	5	932	6735.3333	4255.9395	80	1
4_TAP_Pax7_MB_peak_22657_lociStitched	chr3	21942609	21964098	4	701	5327.1231	2851.5903	81	1
2_TAP_Pax7_MB_peak_1479_lociStitched	chr1	91808923	91815283	2	275	3248.688	859.872	82	1
4_TAP_Pax7_MB_peak_19615_lociStitched	chr2	3158261	3184817	4	682	5568.7932	3181.4088	83	1
2_TAP_Pax7_MB_peak_10852_lociStitched	chr14	23045544	23058137	2	298	3868.5696	1487.2333	84	1
3_TAP_Pax7_MB_peak_7570_lociStitched	chr12	54191927	54198581	3	425	3176.6196	851.712	85	1
2_TAP_Pax7_MB_peak_14482_lociStitched	chr16	18459994	18462264	2	395	2609.365	291.695	86	1
2_TAP_Pax7_MB_peak_7502_lociStitched	chr12	51875131	51885423	2	269	3503.3968	1189.7552	87	1
2_TAP_Pax7_MB_peak_32121_lociStitched	chr7	74448907	74459483	2	270	3288.0784	1029.0448	88	1
3_TAP_Pax7_MB_peak_32931_lociStitched	chr7	134082936	134098618	3	455	3594.3144	1378.4478	89	1
2_TAP_Pax7_MB_peak_6604_lociStitched	chr11	103386208	103387543	2	266	2460.5385	246.174	90	1
2_TAP_Pax7_MB_peak_32534_lociStitched	chr7	101752697	101762322	2	297	3261.9125	1062.6	91	1
3_TAP_Pax7_MB_peak_26992_lociStitched	chr4	144991213	145011534	3	535	4643.3485	2464.9373	92	1
2_TAP_Pax7_MB_peak_7202_lociStitched	chr12	33243766	33254755	2	326	3115.3815	941.7573	93	1
2_TAP_Pax7_MB_peak_26198_lociStitched	chr4	82510685	82514088	2	372	2489.6348	355.6135	94	1
3_TAP_Pax7_MB_peak_29063_lociStitched	chr5	136514229	136529247	3	396	3886.6584	1764.615	95	1
2_TAP_Pax7_MB_peak_15944_lociStitched	chr16	91752711	91765117	2	337	3379.3944	1277.818	96	1
2_TAP_Pax7_MB_peak_23784_lociStitched	chr3	98017017	98024506	2	274	3100.446	1022.9974	97	1
2_TAP_Pax7_MB_peak_5514_lociStitched	chr11	17254963	17265210	2	354	2978.8029	907.8842	98	1
2_TAP_Pax7_MB_peak_17880_lociStitched	chr18	46855154	46863538	2	543	3101.2416	1044.6464	99	1
2_TAP_Pax7_MB_peak_33788_lociStitched	chr8	47974289	47986162	2	278	3248.4528	1245.4777	100	1
2_TAP_Pax7_MB_peak_13269_lociStitched	chr15	38288960	38297954	2	289	3208.1598	1218.687	101	1
2_TAP_Pax7_MB_peak_3237_lociStitched	chr10	12920078	12931858	2	455	3250.102	1262.816	102	1
2_TAP_Pax7_MB_peak_19364_lociStitched	chr19	47396178	47404455	2	384	2799.2814	826.8723	103	1
2_TAP_Pax7_MB_peak_20575_lociStitched	chr2	60205875	60212852	2	318	2626.8405	680.2575	104	1
2_TAP_Pax7_MB_peak_28097_lociStitched	chr5	66539635	66543943	2	288	2423.25	482.0652	105	1
4_TAP_Pax7_MB_peak_2722_lociStitched	chr1	176818044	176823670	4	526	2694.854	771.8872	106	1
2_TAP_Pax7_MB_peak_10691_lociStitched	chr14	14629261	14633172	2	279	2364.9817	450.9383	107	1
3_TAP_Pax7_MB_peak_11414_lociStitched	chr14	48246380	48256624	3	457	2984.0772	1070.498	108	1
2_TAP_Pax7_MB_peak_2045_lociStitched	chr1	138507296	138515765	2	507	2955.681	1056.0843	109	1
2_TAP_Pax7_MB_peak_31568_lociStitched	chr7	29900681	29911643	2	328	2846.8314	956.9826	110	1
6_TAP_Pax7_MB_peak_9553_lociStitched	chr13	63113142	63136280	6	1257	4935.3354	3047.2746	111	1
2_TAP_Pax7_MB_peak_6668_lociStitched	chr11	108216442	108227728	2	268	3043.8342	1166.9724	112	1
2_TAP_Pax7_MB_peak_1622_lociStitched	chr1	106168352	106180723	2	279	3122.4404	1250.7081	113	1
2_TAP_Pax7_MB_peak_26324_lociStitched	chr4	88928599	88931650	2	332	2409.0696	569.0115	114	1
2_TAP_Pax7_MB_peak_29111_lociStitched	chr5	142414133	142423590	2	329	2616.7519	788.7138	115	1
2_TAP_Pax7_MB_peak_21034_lociStitched	chr2	80576131	80583878	2	244	2566.5811	757.6566	116	1
3_TAP_Pax7_MB_peak_14892_lociStitched	chr16	43351284	43365649	3	518	3255.109	1466.6665	117	1
2_TAP_Pax7_MB_peak_22944_lociStitched	chr3	41201210	41213801	2	391	3068.4267	1288.0593	118	1
2_TAP_Pax7_MB_peak_35804_lociStitched	chr9	65196423	65201885	2	437	2251.4364	536.9146	119	1
2_TAP_Pax7_MB_peak_34301_lociStitched	chr8	80030067	80040294	2	311	3338.0928	1643.4789	120	1
3_TAP_Pax7_MB_peak_29297_lociStitched	chr6	5432003	5444778	3	616	3312.5575	1622.425	121	1
2_TAP_Pax7_MB_peak_31165_lociStitched	chr6	135039713	135043641	2	231	2179.6472	500.0344	122	1
5_TAP_Pax7_MB_peak_24746_lociStitched	chr3	148612642	148650543	5	678	5321.3004	3657.4465	123	1
6_TAP_Pax7_MB_peak_11004_lociStitched	chr14	32523601	32546999	6	873	4492.416	2835.8376	124	1
4_TAP_Pax7_MB_peak_18264_lociStitched	chr18	66463772	66487193	4	592	3740.3337	2084.469	125	1
3_TAP_Pax7_MB_peak_14553_lociStitched	chr16	24232864	24253040	3	444	3902.0384	2251.6416	126	1
2_TAP_Pax7_MB_peak_2980_lociStitched	chr1	189861319	189873436	2	323	2778.4281	1143.8448	127	1
2_TAP_Pax7_MB_peak_21713_lociStitched	chr2	126322741	126323399	2	346	1715.9982	103.1744	128	1
2_TAP_Pax7_MB_peak_2878_lociStitched	chr1	184663583	184668353	2	385	2202.309	614.376	129	1
2_TAP_Pax7_MB_peak_10095_lociStitched	chr13	99373061	99384574	2	297	2945.0254	1361.9879	130	1
2_TAP_Pax7_MB_peak_16127_lociStitched	chr17	10040586	10047264	2	229	2663.8542	1085.175	131	1
2_TAP_Pax7_MB_peak_10561_lociStitched	chr14	7898604	7908829	2	349	2759.7275	1182.01	132	1
2_TAP_Pax7_MB_peak_19465_lociStitched	chr19	53794569	53800838	2	257	2419.2071	873.8986	133	1
2_TAP_Pax7_MB_peak_14284_lociStitched	chr15	102730315	102735233	2	307	2352.7712	818.847	134	1
2_TAP_Pax7_MB_peak_26964_lociStitched	chr4	141345370	141356750	2	251	2633.332	1100.446	135	1
2_TAP_Pax7_MB_peak_31620_lociStitched	chr7	37320249	37323777	2	296	1685.3256	186.6312	136	1
2_TAP_Pax7_MB_peak_25661_lociStitched	chr4	46085456	46088208	2	312	1884.5696	386.656	137	1
2_TAP_Pax7_MB_peak_28751_lociStitched	chr5	104403336	104408103	2	315	2214.2715	728.3976	138	1
2_TAP_Pax7_MB_peak_33145_lociStitched	chr8	8686688	8695972	2	392	2398.9856	921.9012	139	1
2_TAP_Pax7_MB_peak_23109_lociStitched	chr3	52391325	52401152	2	358	2544.2103	1069.1776	140	1
2_TAP_Pax7_MB_peak_4456_lociStitched	chr10	82350823	82355920	2	233	2113.7259	659.5518	141	1
2_TAP_Pax7_MB_peak_25075_lociStitched	chr4	9011264	9022999	2	233	3069.876	1625.2975	142	1
2_TAP_Pax7_MB_peak_12230_lociStitched	chr14	99624972	99632584	2	354	2453.3476	1012.396	143	1
3_TAP_Pax7_MB_peak_777_lociStitched	chr1	53834268	53846805	3	608	3022.6707	1598.4675	144	1
3_TAP_Pax7_MB_peak_32904_lociStitched	chr7	132344781	132359113	3	424	2857.8008	1436.0664	145	1
2_TAP_Pax7_MB_peak_38330_lociStitched	chrX	143338253	143346835	2	419	2233.8946	822.1556	146	1
2_TAP_Pax7_MB_peak_17466_lociStitched	chr18	16734758	16741126	2	387	2299.4848	892.7936	147	1
2_TAP_Pax7_MB_peak_10069_lociStitched	chr13	97533500	97543342	2	462	2804.97	1400.5166	148	1
5_TAP_Pax7_MB_peak_17693_lociStitched	chr18	35185023	35198965	5	630	2849.7448	1480.6404	149	1
2_TAP_Pax7_MB_peak_35749_lociStitched	chr9	61376535	61378021	2	282	1534.5922	167.7694	150	1
6_TAP_Pax7_MB_peak_1446_lociStitched	chr1	89680664	89714445	6	1009	4448.9577	3101.0958	151	1
2_TAP_Pax7_MB_peak_21268_lociStitched	chr2	102003424	102011830	2	441	2270.4606	929.7036	152	1
2_TAP_Pax7_MB_peak_21321_lociStitched	chr2	104855775	104864607	2	450	2268.9408	977.7024	153	1
2_TAP_Pax7_MB_peak_14041_lociStitched	chr15	77089370	77098231	2	269	2699.9467	1416.8739	154	1
2_TAP_Pax7_MB_peak_21163_lociStitched	chr2	92719285	92731901	2	275	2661.976	1386.4984	155	1
2_TAP_Pax7_MB_peak_36448_lociStitched	chr9	102645558	102650287	2	301	1757.7693	502.6927	156	1
2_TAP_Pax7_MB_peak_23638_lociStitched	chr3	85952743	85956219	2	284	1769.284	530.7852	157	1
2_TAP_Pax7_MB_peak_34466_lociStitched	chr8	91376561	91382055	2	284	2137.166	899.3678	158	1
3_TAP_Pax7_MB_peak_30568_lociStitched	chr6	88942426	88953501	3	453	2598.195	1364.44	159	1
4_TAP_Pax7_MB_peak_30724_lociStitched	chr6	99160148	99190376	4	755	4244.0112	3013.7316	160	1
3_TAP_Pax7_MB_peak_13719_lociStitched	chr15	58256939	58261247	3	575	2284.5324	1055.0292	161	1
3_TAP_Pax7_MB_peak_12563_lociStitched	chr14	120339816	120355776	3	595	3239.88	2031.708	162	1
2_TAP_Pax7_MB_peak_14729_lociStitched	chr16	34090827	34100920	2	269	2239.6367	1038.5697	163	1
2_TAP_Pax7_MB_peak_13642_lociStitched	chr15	55186591	55196655	2	566	3138.9616	1938.3264	164	1
2_TAP_Pax7_MB_peak_29879_lociStitched	chr6	37397002	37408167	2	283	2493.1445	1302.9555	165	1
4_TAP_Pax7_MB_peak_14124_lociStitched	chr15	88928011	88951583	4	635	4143.9576	2955.9288	166	1
4_TAP_Pax7_MB_peak_9154_lociStitched	chr13	35501340	35512625	4	857	2952.156	1768.3595	167	1
2_TAP_Pax7_MB_peak_17302_lociStitched	chr18	6024599	6034783	2	306	2342.32	1186.436	168	1
1_TAP_Pax7_MB_peak_27131_lociStitched	chr4_GL456216_random	49087	49497	1	411	4052.891	2900.504	169	1
2_TAP_Pax7_MB_peak_33502_lociStitched	chr8	31991303	32001884	2	228	2332.0524	1179.7815	170	1
2_TAP_Pax7_MB_peak_35160_lociStitched	chr9	23475373	23487555	2	281	2498.5282	1350.9838	171	1
4_TAP_Pax7_MB_peak_12595_lociStitched	chr14	121586159	121591943	4	652	1858.3992	721.8432	172	1
5_TAP_Pax7_MB_peak_2467_lociStitched	chr1	163206044	163228816	5	846	3791.538	2659.7696	173	1
3_TAP_Pax7_MB_peak_35975_lociStitched	chr9	75179395	75196512	3	480	2637.7297	1508.0077	174	1
2_TAP_Pax7_MB_peak_25689_lociStitched	chr4	48467049	48478612	2	252	2207.3767	1078.8279	175	1
3_TAP_Pax7_MB_peak_35146_lociStitched	chr9	23154121	23168151	3	341	2474.892	1349.686	176	1
3_TAP_Pax7_MB_peak_13788_lociStitched	chr15	62314790	62327570	3	472	3547.728	2430.756	177	1
4_TAP_Pax7_MB_peak_35508_lociStitched	chr9	47635194	47650486	4	514	2293.8	1195.8344	178	1
2_TAP_Pax7_MB_peak_16766_lociStitched	chr17	63799085	63806439	2	293	1939.2498	849.387	179	1
4_TAP_Pax7_MB_peak_6160_lociStitched	chr11	63782350	63790007	4	509	2026.8079	944.8738	180	1
2_TAP_Pax7_MB_peak_21302_lociStitched	chr2	104147754	104155439	2	249	1969.6655	889.1545	181	1
2_TAP_Pax7_MB_peak_18131_lociStitched	chr18	57162845	57167585	2	269	1602.12	528.036	182	1
2_TAP_Pax7_MB_peak_36047_lociStitched	chr9	78295162	78301891	2	267	1923.1482	853.9101	183	1
3_TAP_Pax7_MB_peak_2354_lociStitched	chr1	156995493	157003742	3	661	2124.1175	1063.2961	184	1
2_TAP_Pax7_MB_peak_18134_lociStitched	chr18	57199018	57208813	2	359	1979.5695	925.6275	185	1
3_TAP_Pax7_MB_peak_30347_lociStitched	chr6	72706155	72714336	3	534	2203.9614	1154.3391	186	1
3_TAP_Pax7_MB_peak_23230_lociStitched	chr3	58569702	58592977	3	545	3298.0675	2253.02	187	1
2_TAP_Pax7_MB_peak_11498_lociStitched	chr14	57417431	57430293	2	364	2167.247	1126.7112	188	1
3_TAP_Pax7_MB_peak_14366_lociStitched	chr16	8852042	8862598	3	411	2355.0436	1317.3888	189	1
6_TAP_Pax7_MB_peak_14710_lociStitched	chr16	32924140	32957923	6	785	4209.3618	3175.602	190	1
2_TAP_Pax7_MB_peak_5101_lociStitched	chr10	116998214	117010394	2	304	2321.508	1294.734	191	1
2_TAP_Pax7_MB_peak_11346_lociStitched	chr14	45506321	45515646	2	313	2104.6525	1084.4975	192	1
5_TAP_Pax7_MB_peak_10831_lociStitched	chr14	22622260	22651450	5	1132	4296.768	3301.389	193	1
2_TAP_Pax7_MB_peak_27928_lociStitched	chr5	53455033	53462549	2	231	1934.6184	944.7612	194	1
2_TAP_Pax7_MB_peak_19503_lociStitched	chr19	55747422	55749859	2	380	1316.7111	327.0454	195	1
4_TAP_Pax7_MB_peak_13068_lociStitched	chr15	25449112	25462498	4	761	3120.2766	2131.0512	196	1
4_TAP_Pax7_MB_peak_13594_lociStitched	chr15	52705654	52726560	4	584	3480.849	2494.0858	197	1
1_TAP_Pax7_MB_peak_7726_lociStitched	chr12	67059122	67059884	1	763	12659.1822	11676.8118	198	1
3_TAP_Pax7_MB_peak_7906_lociStitched	chr12	76015042	76026147	3	456	2096.624	1133.8205	199	1
3_TAP_Pax7_MB_peak_17697_lociStitched	chr18	35299354	35313012	3	530	2242.6436	1305.7048	200	1
3_TAP_Pax7_MB_peak_4281_lociStitched	chr10	68242067	68261731	3	363	3187.5344	2259.3936	201	1
2_TAP_Pax7_MB_peak_6647_lociStitched	chr11	106574596	106583316	2	216	1887.008	959.2	202	1
2_TAP_Pax7_MB_peak_34818_lociStitched	chr8	118349208	118350139	2	346	1090.0148	162.3664	203	1
2_TAP_Pax7_MB_peak_32329_lociStitched	chr7	90231375	90234245	2	212	1222.046	294.462	204	1
3_TAP_Pax7_MB_peak_14940_lociStitched	chr16	45330513	45344097	3	523	2333.7312	1407.3024	205	1
2_TAP_Pax7_MB_peak_29467_lociStitched	chr6	15789332	15797631	2	338	1983.461	1065.5916	206	1
2_TAP_Pax7_MB_peak_35565_lociStitched	chr9	50442266	50447814	2	338	1445.254	550.3616	207	1
3_TAP_Pax7_MB_peak_9441_lociStitched	chr13	52902409	52910371	3	544	1582.0494	687.9168	208	1
2_TAP_Pax7_MB_peak_14500_lociStitched	chr16	20137425	20149647	2	286	2031.2964	1139.0904	209	1
2_TAP_Pax7_MB_peak_3920_lociStitched	chr10	44079284	44082674	2	400	1413.291	521.721	210	1
2_TAP_Pax7_MB_peak_19501_lociStitched	chr19	55635463	55647955	2	405	2024.9532	1140.5196	211	1
2_TAP_Pax7_MB_peak_3026_lociStitched	chr1	193519615	193528675	2	309	2222.418	1342.692	212	1
2_TAP_Pax7_MB_peak_16943_lociStitched	chr17	75269934	75273615	2	388	1434.8538	562.0887	213	1
2_TAP_Pax7_MB_peak_8288_lociStitched	chr12	98994371	98996712	2	361	1310.7259	441.7467	214	1
3_TAP_Pax7_MB_peak_38287_lociStitched	chrX	140660886	140666773	3	371	1348.123	495.0967	215	1
2_TAP_Pax7_MB_peak_25126_lociStitched	chr4	12006826	12017422	2	250	2391.5172	1543.8372	216	1
4_TAP_Pax7_MB_peak_36737_lociStitched	chrUn_GL456367	1026	13309	4	470	3280.7893	2438.1755	217	1
3_TAP_Pax7_MB_peak_31329_lociStitched	chr6	146950222	146959985	3	385	2170.3149	1327.768	218	1
2_TAP_Pax7_MB_peak_9268_lociStitched	chr13	41364315	41375971	2	310	2445.4288	1603.8656	219	1
3_TAP_Pax7_MB_peak_4278_lociStitched	chr10	68143933	68158294	3	441	2824.8087	1988.9985	220	1
3_TAP_Pax7_MB_peak_32218_lociStitched	chr7	82405539	82413414	3	908	1660.8375	826.875	221	1
3_TAP_Pax7_MB_peak_18917_lociStitched	chr19	23357382	23374426	3	509	5849.5008	5021.1624	222	1
2_TAP_Pax7_MB_peak_20567_lociStitched	chr2	59874721	59886344	2	314	2050.2972	1230.8757	223	1
2_TAP_Pax7_MB_peak_12516_lociStitched	chr14	118568023	118576206	2	386	1733.9777	914.8594	224	1
4_TAP_Pax7_MB_peak_11506_lociStitched	chr14	57972715	57982103	4	520	1889.8044	1073.0484	225	1
2_TAP_Pax7_MB_peak_18664_lociStitched	chr19	7083416	7090723	2	284	1443.1325	627.6713	226	1
3_TAP_Pax7_MB_peak_35511_lociStitched	chr9	47684296	47699119	3	498	2041.1271	1225.8621	227	1
3_TAP_Pax7_MB_peak_26235_lociStitched	chr4	84728702	84741389	3	450	2197.3884	1385.4204	228	1
2_TAP_Pax7_MB_peak_1240_lociStitched	chr1	78526612	78532672	2	305	1500.456	695.082	229	1
2_TAP_Pax7_MB_peak_15980_lociStitched	chr16	94446325	94453043	2	254	1416.8262	616.0406	230	1
2_TAP_Pax7_MB_peak_6602_lociStitched	chr11	103300937	103306857	2	313	1478.224	679.024	231	1
3_TAP_Pax7_MB_peak_16094_lociStitched	chr17	7650338	7656283	3	513	1746.0465	958.9285	232	1
2_TAP_Pax7_MB_peak_2604_lociStitched	chr1	170051660	170061379	2	342	2069.1751	1294.5708	233	1
1_TAP_Pax7_MB_peak_23103_lociStitched	chr3	52070100	52070237	1	138	817.4379	43.1824	234	1
3_TAP_Pax7_MB_peak_6176_lociStitched	chr11	65055673	65066830	3	407	1796.277	1023.0969	235	1
2_TAP_Pax7_MB_peak_13296_lociStitched	chr15	39925965	39929494	2	416	1238.679	488.7665	236	1
2_TAP_Pax7_MB_peak_5008_lociStitched	chr10	111568271	111571196	2	262	1244.88	500.76	237	1
5_TAP_Pax7_MB_peak_9375_lociStitched	chr13	47351223	47368259	5	977	2408.8904	1667.8244	238	1
1_TAP_Pax7_MB_peak_25713_lociStitched	chr4	50167344	50167453	1	110	865.0022	129.5356	239	1
2_TAP_Pax7_MB_peak_8386_lociStitched	chr12	108927397	108937177	2	258	1692.918	962.352	240	1
2_TAP_Pax7_MB_peak_26905_lociStitched	chr4	133729358	133737355	2	327	1566.6123	838.0856	241	1
2_TAP_Pax7_MB_peak_18066_lociStitched	chr18	54906708	54911544	2	248	1165.9596	457.4856	242	1
3_TAP_Pax7_MB_peak_25058_lociStitched	chr4	8199842	8213340	3	647	2495.7802	1793.8842	243	1
3_TAP_Pax7_MB_peak_10050_lociStitched	chr13	96996958	97010604	3	500	2050.9938	1349.5894	244	1
2_TAP_Pax7_MB_peak_16033_lociStitched	chr17	3481928	3492127	2	233	1635.9196	949.5269	245	1
2_TAP_Pax7_MB_peak_12587_lociStitched	chr14	121112054	121122285	2	528	1824.1873	1147.9182	246	1
3_TAP_Pax7_MB_peak_20912_lociStitched	chr2	77235189	77250137	3	413	2239.2104	1569.54	247	1
3_TAP_Pax7_MB_peak_35427_lociStitched	chr9	41805651	41810927	3	327	1287.8716	618.3472	248	1
2_TAP_Pax7_MB_peak_11794_lociStitched	chr14	74864300	74867291	2	216	1009.1634	345.1614	249	1
2_TAP_Pax7_MB_peak_4580_lociStitched	chr10	91157105	91158804	2	540	975.7357	318.2227	250	1
2_TAP_Pax7_MB_peak_23901_lociStitched	chr3	106830221	106832358	2	428	1001.8256	346.6214	251	1
2_TAP_Pax7_MB_peak_2924_lociStitched	chr1	187293710	187303344	2	293	1694.6206	1040.472	252	1
2_TAP_Pax7_MB_peak_2348_lociStitched	chr1	156679797	156686484	2	393	1214.3592	561.708	253	1
2_TAP_Pax7_MB_peak_26258_lociStitched	chr4	86040204	86045760	2	256	1366.776	715.6128	254	1
2_TAP_Pax7_MB_peak_2003_lociStitched	chr1	136656992	136665796	2	328	1604.9692	954.3536	255	1
1_TAP_Pax7_MB_peak_31596_lociStitched	chr7	35747620	35747870	1	251	678.725	35.15	256	1
3_TAP_Pax7_MB_peak_16776_lociStitched	chr17	64081077	64098215	3	663	2911.7462	2272.4988	257	1
2_TAP_Pax7_MB_peak_27909_lociStitched	chr5	52864385	52865814	2	292	770.5168	137.6127	258	1
2_TAP_Pax7_MB_peak_15203_lociStitched	chr16	55547374	55558205	2	423	2057.89	1425.3596	259	1
2_TAP_Pax7_MB_peak_25645_lociStitched	chr4	45142792	45149458	2	268	1363.197	747.2586	260	1
2_TAP_Pax7_MB_peak_22502_lociStitched	chr3	9151166	9156888	2	222	1332.6538	717.5388	261	1
2_TAP_Pax7_MB_peak_33938_lociStitched	chr8	54273180	54275805	2	428	917.7	307.65	262	1
2_TAP_Pax7_MB_peak_11390_lociStitched	chr14	47634498	47638409	2	485	1142.012	536.1981	263	1
2_TAP_Pax7_MB_peak_29070_lociStitched	chr5	136661228	136664363	2	285	890.967	285.285	264	1
2_TAP_Pax7_MB_peak_26903_lociStitched	chr4	133431623	133440533	2	364	1407.78	804.573	265	1
2_TAP_Pax7_MB_peak_14037_lociStitched	chr15	75829675	75835680	2	552	1455.612	853.3105	266	1
2_TAP_Pax7_MB_peak_28529_lociStitched	chr5	93020470	93022438	2	219	876.744	282.6048	267	1
2_TAP_Pax7_MB_peak_33045_lociStitched	chr7	143506158	143518894	2	286	1620.0192	1026.5216	268	1
2_TAP_Pax7_MB_peak_6595_lociStitched	chr11	102918247	102921030	2	233	909.4844	316.9837	269	1
3_TAP_Pax7_MB_peak_25784_lociStitched	chr4	55253878	55276818	3	467	2720.684	2131.126	270	1
1_TAP_Pax7_MB_peak_5334_lociStitched	chr11	6481021	6481233	1	213	620.6512	38.7536	271	1
3_TAP_Pax7_MB_peak_36609_lociStitched	chr9	114914472	114921500	3	429	1110.424	532.0196	272	1
2_TAP_Pax7_MB_peak_9000_lociStitched	chr13	28731576	28742512	2	417	1774.9128	1197.492	273	1
2_TAP_Pax7_MB_peak_10092_lociStitched	chr13	99216541	99220311	2	399	1187.55	617.903	274	1
2_TAP_Pax7_MB_peak_23093_lociStitched	chr3	51217911	51221090	2	252	1021.0948	451.7359	275	1
3_TAP_Pax7_MB_peak_14555_lociStitched	chr16	24496784	24503907	3	448	1605.5242	1038.5334	276	1
2_TAP_Pax7_MB_peak_3682_lociStitched	chr10	31465941	31473001	2	254	1577.91	1024.406	277	1
2_TAP_Pax7_MB_peak_26948_lociStitched	chr4	139165460	139170646	2	344	923.6266	373.392	278	1
2_TAP_Pax7_MB_peak_22392_lociStitched	chr2	178018317	178028966	2	265	1384.37	834.8816	279	1
5_TAP_Pax7_MB_peak_11851_lociStitched	chr14	78015601	78020711	5	966	1097.117	550.347	280	1
2_TAP_Pax7_MB_peak_26346_lociStitched	chr4	89509336	89522063	2	341	2055.4105	1510.6949	281	1
3_TAP_Pax7_MB_peak_879_lociStitched	chr1	60814971	60838463	3	403	3187.8644	2649.8976	282	1
2_TAP_Pax7_MB_peak_20374_lociStitched	chr2	51283130	51289228	2	307	1152.522	621.996	283	1
2_TAP_Pax7_MB_peak_12272_lociStitched	chr14	101879147	101890499	2	236	1653.9864	1123.848	284	1
1_TAP_Pax7_MB_peak_6757_lociStitched	chr11	116814597	116814765	1	169	539.8512	10.1808	285	1
3_TAP_Pax7_MB_peak_24683_lociStitched	chr3	145829186	145846494	3	345	2706.9712	2177.3464	286	1
5_TAP_Pax7_MB_peak_29462_lociStitched	chr6	15726612	15750936	5	944	3295.902	2770.5036	287	1
3_TAP_Pax7_MB_peak_22829_lociStitched	chr3	34331511	34333883	3	430	881.198	356.2744	288	1
2_TAP_Pax7_MB_peak_33015_lociStitched	chr7	139284121	139293054	2	241	1330.1237	812.0097	289	1
1_TAP_Pax7_MB_peak_4383_lociStitched	chr10	73379122	73379299	1	178	1339.8369	828.1476	290	1
2_TAP_Pax7_MB_peak_26936_lociStitched	chr4	137640421	137641943	2	238	698.9024	189.6412	291	1
3_TAP_Pax7_MB_peak_27147_lociStitched	chr5	3518607	3532815	3	453	1729.1136	1221.888	292	1
1_TAP_Pax7_MB_peak_4440_lociStitched	chr10	77206998	77207187	1	190	560.196	59.4783	293	1
2_TAP_Pax7_MB_peak_34850_lociStitched	chr8	124070746	124081183	2	262	1203.3861	703.4538	294	1
3_TAP_Pax7_MB_peak_32628_lociStitched	chr7	111365093	111367614	3	615	806.72	311.0914	295	1
2_TAP_Pax7_MB_peak_17520_lociStitched	chr18	20797183	20804611	2	232	1368.2376	872.79	296	1
2_TAP_Pax7_MB_peak_25009_lociStitched	chr4	4634965	4640127	2	274	1049.4346	554.3988	297	1
3_TAP_Pax7_MB_peak_11374_lociStitched	chr14	46699961	46707010	3	350	1205.379	714.0637	298	1
2_TAP_Pax7_MB_peak_14240_lociStitched	chr15	95909040	95920442	2	413	1926.938	1436.652	299	1
2_TAP_Pax7_MB_peak_15388_lociStitched	chr16	65827198	65829851	2	335	800.4101	311.4622	300	1
2_TAP_Pax7_MB_peak_9973_lociStitched	chr13	92641702	92648129	2	305	1210.8468	725.6083	301	1
2_TAP_Pax7_MB_peak_23832_lociStitched	chr3	101423314	101434281	2	365	1666.984	1183.3393	302	1
2_TAP_Pax7_MB_peak_7769_lociStitched	chr12	69510969	69512288	2	359	637.3408	154.4549	303	1
2_TAP_Pax7_MB_peak_22035_lociStitched	chr2	144120990	144123402	2	411	796.4424	313.56	304	1
2_TAP_Pax7_MB_peak_460_lociStitched	chr1	34095135	34105346	2	490	1615.3802	1133.421	305	1
2_TAP_Pax7_MB_peak_6217_lociStitched	chr11	68271305	68271635	2	252	545.16	67.749	306	1
4_TAP_Pax7_MB_peak_29531_lociStitched	chr6	17509716	17530328	4	670	2459.0116	1982.8744	307	1
2_TAP_Pax7_MB_peak_33021_lociStitched	chr7	139550198	139556541	2	297	924.8094	452.2559	308	1
2_TAP_Pax7_MB_peak_16510_lociStitched	chr17	44624947	44629970	2	299	997.0655	524.9035	309	1
2_TAP_Pax7_MB_peak_19550_lociStitched	chr19	58072062	58077700	2	282	907.1542	435.8174	310	1
2_TAP_Pax7_MB_peak_9551_lociStitched	chr13	63093091	63097722	2	374	1161.4548	695.1131	311	1
2_TAP_Pax7_MB_peak_28865_lociStitched	chr5	118078685	118079969	2	259	719.5536	257.5704	312	1
3_TAP_Pax7_MB_peak_457_lociStitched	chr1	34023012	34033818	3	515	1688.9778	1229.7228	313	1
2_TAP_Pax7_MB_peak_22061_lociStitched	chr2	145737320	145749935	2	507	2019.6615	1560.4755	314	1
2_TAP_Pax7_MB_peak_2407_lociStitched	chr1	160518723	160521414	2	355	773.9316	321.0363	315	1
2_TAP_Pax7_MB_peak_34112_lociStitched	chr8	64825460	64835267	2	263	1366.1151	917.9352	316	1
2_TAP_Pax7_MB_peak_1097_lociStitched	chr1	70996442	71006192	2	219	1739.4	1293.825	317	1
3_TAP_Pax7_MB_peak_36144_lociStitched	chr9	83110091	83122050	3	522	1334.6244	890.9455	318	1
2_TAP_Pax7_MB_peak_6599_lociStitched	chr11	102984726	102988634	2	308	768.3128	336.8696	319	1
3_TAP_Pax7_MB_peak_16907_lociStitched	chr17	73082684	73085365	3	539	847.7322	417.6998	320	1
2_TAP_Pax7_MB_peak_12700_lociStitched	chr15	5192997	5196333	2	429	998.1312	568.4544	321	1
5_TAP_Pax7_MB_peak_25888_lociStitched	chr4	62198040	62215360	5	736	1796.084	1373.476	322	1
1_TAP_Pax7_MB_peak_10026_lociStitched	chr13	95548686	95549040	1	355	451.6686	30.9396	323	1
1_TAP_Pax7_MB_peak_28906_lociStitched	chr5	123135873	123136003	1	131	435.929	15.262	324	1
2_TAP_Pax7_MB_peak_17389_lociStitched	chr18	12301667	12312973	2	229	1650.676	1232.354	325	1
2_TAP_Pax7_MB_peak_2885_lociStitched	chr1	184906026	184912369	2	248	1104.3163	692.6556	326	1
2_TAP_Pax7_MB_peak_11466_lociStitched	chr14	54059014	54063009	2	344	903.2695	497.3775	327	1
2_TAP_Pax7_MB_peak_35480_lociStitched	chr9	45797120	45800930	2	256	759.714	353.949	328	1
2_TAP_Pax7_MB_peak_21466_lociStitched	chr2	113639336	113648376	2	299	1544.936	1140.848	329	1
3_TAP_Pax7_MB_peak_35419_lociStitched	chr9	41480144	41486605	3	380	1267.6482	863.8357	330	1
2_TAP_Pax7_MB_peak_10196_lociStitched	chr13	104621213	104622516	2	236	565.2414	163.9174	331	1
2_TAP_Pax7_MB_peak_27930_lociStitched	chr5	53519264	53527637	2	326	1275.2079	874.1412	332	1
2_TAP_Pax7_MB_peak_30635_lociStitched	chr6	94401830	94407142	2	227	1006.0928	609.2864	333	1
2_TAP_Pax7_MB_peak_6981_lociStitched	chr12	15703457	15704746	2	236	585.0771	189.8697	334	1
1_TAP_Pax7_MB_peak_19460_lociStitched	chr19	53410455	53410640	1	186	412.3465	17.3715	335	1
2_TAP_Pax7_MB_peak_14781_lociStitched	chr16	38389424	38392139	2	231	802.2825	407.793	336	1
2_TAP_Pax7_MB_peak_30532_lociStitched	chr6	86049663	86053617	2	390	880.5558	487.1328	337	1
3_TAP_Pax7_MB_peak_25066_lociStitched	chr4	8512480	8522356	3	650	1497.2016	1104.1368	338	1
1_TAP_Pax7_MB_peak_31309_lociStitched	chr6	145998869	145999013	1	145	401.9184	13.8096	339	1
3_TAP_Pax7_MB_peak_19691_lociStitched	chr2	7106423	7121538	3	396	2191.675	1807.754	340	1
4_TAP_Pax7_MB_peak_33579_lociStitched	chr8	35894865	35919426	4	654	3018.5469	2637.8514	341	1
2_TAP_Pax7_MB_peak_33338_lociStitched	chr8	22679091	22683773	2	228	917.2038	537.0254	342	1
2_TAP_Pax7_MB_peak_715_lociStitched	chr1	51120786	51123230	2	235	701.428	322.1192	343	1
2_TAP_Pax7_MB_peak_23222_lociStitched	chr3	58245382	58254293	2	238	1325.0657	948.1304	344	1
2_TAP_Pax7_MB_peak_21169_lociStitched	chr2	93694621	93703102	2	353	1050.7959	674.2395	345	1
2_TAP_Pax7_MB_peak_7907_lociStitched	chr12	76051647	76063004	2	385	1342.3974	966.4807	346	1
2_TAP_Pax7_MB_peak_11661_lociStitched	chr14	68041195	68042361	2	303	508.376	133.8568	347	1
2_TAP_Pax7_MB_peak_16547_lociStitched	chr17	47909705	47914976	2	296	750.0633	377.4036	348	1
3_TAP_Pax7_MB_peak_10299_lociStitched	chr13	109625456	109633456	3	533	1153.6	785.6	349	1
2_TAP_Pax7_MB_peak_8538_lociStitched	chr13	3745056	3746736	2	260	650.496	283.248	350	1
2_TAP_Pax7_MB_peak_35806_lociStitched	chr9	65217927	65219665	2	266	512.8838	149.468	351	1
2_TAP_Pax7_MB_peak_644_lociStitched	chr1	45576491	45587913	2	402	1565.9562	1202.7366	352	1
2_TAP_Pax7_MB_peak_16501_lociStitched	chr17	44033718	44035364	2	485	646.3842	283.4412	353	1
2_TAP_Pax7_MB_peak_32537_lociStitched	chr7	101786816	101799576	2	377	1318.108	955.724	354	1
2_TAP_Pax7_MB_peak_26919_lociStitched	chr4	135526317	135538683	2	216	1404.7776	1044.927	355	1
4_TAP_Pax7_MB_peak_6259_lociStitched	chr11	72332953	72338029	4	1042	1168.4952	809.1144	356	1
2_TAP_Pax7_MB_peak_22177_lociStitched	chr2	156245842	156247568	2	215	589.2564	230.5936	357	1
2_TAP_Pax7_MB_peak_8124_lociStitched	chr12	90685492	90694493	2	251	1000.0111	641.7713	358	1
3_TAP_Pax7_MB_peak_30114_lociStitched	chr6	54213828	54221613	3	372	1245.6	888.2685	359	1
2_TAP_Pax7_MB_peak_22293_lociStitched	chr2	166400286	166406764	2	304	884.8948	529.9004	360	1
2_TAP_Pax7_MB_peak_35005_lociStitched	chr9	9127000	9128066	2	276	527.5634	172.5854	361	1
2_TAP_Pax7_MB_peak_22719_lociStitched	chr3	27677838	27680120	2	329	576.205	221.354	362	1
2_TAP_Pax7_MB_peak_14956_lociStitched	chr16	45882713	45890207	2	425	1153.3266	799.6098	363	1
2_TAP_Pax7_MB_peak_4142_lociStitched	chr10	59510893	59513366	2	294	862.3351	508.6961	364	1
1_TAP_Pax7_MB_peak_26847_lociStitched	chr4	124710169	124710284	1	116	357.558	15.709	365	1
3_TAP_Pax7_MB_peak_10836_lociStitched	chr14	22725681	22734651	3	448	1309.62	967.863	366	1
1_TAP_Pax7_MB_peak_10086_lociStitched	chr13	98679511	98679701	1	191	366.7	26.391	367	1
2_TAP_Pax7_MB_peak_33656_lociStitched	chr8	40895470	40896459	2	262	529.3128	192.5583	368	1
2_TAP_Pax7_MB_peak_20098_lociStitched	chr2	35495577	35502849	2	269	1171.5192	835.5528	369	1
2_TAP_Pax7_MB_peak_3436_lociStitched	chr10	21839403	21844848	2	415	1218.0465	883.7235	370	1
2_TAP_Pax7_MB_peak_1074_lociStitched	chr1	70079431	70085374	2	296	895.6101	562.2078	371	1
2_TAP_Pax7_MB_peak_12566_lociStitched	chr14	120377112	120381652	2	322	893.472	561.144	372	1
5_TAP_Pax7_MB_peak_19357_lociStitched	chr19	46927520	46943307	5	681	1946.5371	1615.0101	373	1
2_TAP_Pax7_MB_peak_22367_lociStitched	chr2	175269396	175280985	2	235	951.4569	621.1704	374	1
2_TAP_Pax7_MB_peak_32913_lociStitched	chr7	133022681	133035487	2	430	1298.5284	975.8172	375	1
2_TAP_Pax7_MB_peak_29061_lociStitched	chr5	136382352	136391117	2	290	1143.8325	821.2805	376	1
3_TAP_Pax7_MB_peak_13856_lociStitched	chr15	64492173	64504201	3	510	1650.2416	1327.8912	377	1
2_TAP_Pax7_MB_peak_2564_lociStitched	chr1	168344147	168356214	2	265	1423.906	1101.7171	378	1
2_TAP_Pax7_MB_peak_3349_lociStitched	chr10	17631999	17633212	2	290	469.3097	147.1369	379	1
1_TAP_Pax7_MB_peak_31086_lociStitched	chr6	128006615	128006752	1	138	343.1713	22.5639	380	1
3_TAP_Pax7_MB_peak_9842_lociStitched	chr13	85419424	85431199	3	505	1553.1225	1232.8425	381	1
2_TAP_Pax7_MB_peak_34256_lociStitched	chr8	77805625	77813131	2	225	1146.9168	827.1612	382	1
3_TAP_Pax7_MB_peak_24977_lociStitched	chr3	159883458	159886394	3	532	788.6096	470.6408	383	1
2_TAP_Pax7_MB_peak_31565_lociStitched	chr7	29484456	29486058	2	308	436.0644	119.9898	384	1
2_TAP_Pax7_MB_peak_35045_lociStitched	chr9	13538230	13545706	2	275	866.4684	550.9812	385	1
4_TAP_Pax7_MB_peak_2738_lociStitched	chr1	177336583	177341659	4	662	765.9684	452.2716	386	1
4_TAP_Pax7_MB_peak_7763_lociStitched	chr12	69388546	69393830	4	656	854.4228	545.8372	387	1
2_TAP_Pax7_MB_peak_36379_lociStitched	chr9	96771340	96773346	2	506	536.605	228.8846	388	1
1_TAP_Pax7_MB_peak_31180_lociStitched	chr6	136541676	136541855	1	180	334.909	27.9956	389	1
5_TAP_Pax7_MB_peak_31147_lociStitched	chr6	134449363	134462749	5	701	1373.4036	1066.8642	390	1
1_TAP_Pax7_MB_peak_6791_lociStitched	chr11	121647375	121647547	1	173	334.0584	27.9844	391	1
2_TAP_Pax7_MB_peak_18156_lociStitched	chr18	57818916	57821061	2	299	607.035	304.161	392	1
2_TAP_Pax7_MB_peak_9576_lociStitched	chr13	64403853	64414571	2	292	1415.8478	1115.7438	393	1
2_TAP_Pax7_MB_peak_27604_lociStitched	chr5	31831944	31835990	2	412	782.0918	483.9016	394	1
3_TAP_Pax7_MB_peak_7507_lociStitched	chr12	52338334	52351059	3	358	1523.1825	1225.4175	395	1
2_TAP_Pax7_MB_peak_2559_lociStitched	chr1	168226262	168230131	2	399	874.7809	577.6417	396	1
2_TAP_Pax7_MB_peak_4466_lociStitched	chr10	83129773	83134423	2	476	928.14	631.47	397	1
2_TAP_Pax7_MB_peak_1913_lociStitched	chr1	128398491	128400144	2	348	482.0148	188.2767	398	1
2_TAP_Pax7_MB_peak_7797_lociStitched	chr12	71472090	71483767	2	317	1590.4074	1298.4824	399	1
2_TAP_Pax7_MB_peak_22273_lociStitched	chr2	163458199	163464501	2	277	938.998	650.9966	400	1
2_TAP_Pax7_MB_peak_22952_lociStitched	chr3	41600524	41602063	2	341	436.3065	150.822	401	1
2_TAP_Pax7_MB_peak_3853_lociStitched	chr10	39170088	39172063	2	363	545.89	260.5025	402	1
1_TAP_Pax7_MB_peak_19366_lociStitched	chr19	47442100	47442232	1	133	311.4672	28.116	403	1
3_TAP_Pax7_MB_peak_22510_lociStitched	chr3	9513973	9522579	3	441	1100.7074	817.57	404	1
2_TAP_Pax7_MB_peak_31313_lociStitched	chr6	146205292	146214738	2	357	1351.7226	1069.2872	405	1
2_TAP_Pax7_MB_peak_35150_lociStitched	chr9	23188306	23194935	2	446	921.431	639.0356	406	1
2_TAP_Pax7_MB_peak_3234_lociStitched	chr10	12884850	12890740	2	245	908.827	628.463	407	1
2_TAP_Pax7_MB_peak_31033_lociStitched	chr6	121165473	121177484	2	307	1675.5345	1395.6782	408	1
1_TAP_Pax7_MB_peak_15951_lociStitched	chr16	92552999	92553145	1	147	298.1028	20.148	409	1
4_TAP_Pax7_MB_peak_21922_lociStitched	chr2	140093550	140106028	4	772	1897.9038	1620.8922	410	1
2_TAP_Pax7_MB_peak_14895_lociStitched	chr16	43437516	43438724	2	378	428.1152	152.812	411	1
2_TAP_Pax7_MB_peak_17002_lociStitched	chr17	78279442	78291966	2	232	1372.6304	1100.8596	412	1
2_TAP_Pax7_MB_peak_25602_lociStitched	chr4	41494702	41500690	2	301	712.572	444.3096	413	1
2_TAP_Pax7_MB_peak_24323_lociStitched	chr3	131478938	131485608	2	249	933.133	666.333	414	1
3_TAP_Pax7_MB_peak_9498_lociStitched	chr13	60260378	60277232	3	393	2083.1544	1816.8612	415	1
3_TAP_Pax7_MB_peak_21468_lociStitched	chr2	113689733	113691932	3	514	649.3647	383.9454	416	1
2_TAP_Pax7_MB_peak_13903_lociStitched	chr15	66815446	66818980	2	452	928.3818	664.392	417	1
2_TAP_Pax7_MB_peak_14267_lociStitched	chr15	99147800	99157550	2	333	1214.85	951.6	418	1
2_TAP_Pax7_MB_peak_12562_lociStitched	chr14	120323285	120324354	2	280	446.6282	183.5473	419	1
4_TAP_Pax7_MB_peak_4028_lociStitched	chr10	51947065	51962253	4	567	1960.7708	1699.5372	420	1
1_TAP_Pax7_MB_peak_35761_lociStitched	chr9	62818533	62818710	1	178	279.8547	20.1072	421	1
2_TAP_Pax7_MB_peak_11795_lociStitched	chr14	74882241	74882980	2	443	380.7328	122.674	422	1
2_TAP_Pax7_MB_peak_3916_lociStitched	chr10	43632318	43638212	2	304	894.7092	640.0884	423	1
2_TAP_Pax7_MB_peak_34285_lociStitched	chr8	79196662	79206204	2	312	1691.7966	1437.9794	424	1
2_TAP_Pax7_MB_peak_2913_lociStitched	chr1	186444764	186445501	2	307	379.555	126.3218	425	1
2_TAP_Pax7_MB_peak_27638_lociStitched	chr5	36165855	36174722	2	381	1281.2815	1028.572	426	1
1_TAP_Pax7_MB_peak_1990_lociStitched	chr1	136229072	136229201	1	130	260.7993	8.8107	427	1
1_TAP_Pax7_MB_peak_20097_lociStitched	chr2	35478686	35478846	1	161	281.616	32.272	428	1
2_TAP_Pax7_MB_peak_32738_lociStitched	chr7	118510697	118514835	2	260	613.2516	365.7992	429	1
2_TAP_Pax7_MB_peak_35544_lociStitched	chr9	49792863	49794310	2	286	396.478	150.7774	430	1
1_TAP_Pax7_MB_peak_24232_lociStitched	chr3	126384081	126384216	1	136	289.6965	44.766	431	1
3_TAP_Pax7_MB_peak_28484_lociStitched	chr5	91095523	91111168	3	365	2002.56	1758.498	432	1
4_TAP_Pax7_MB_peak_29172_lociStitched	chr5	149206433	149216717	4	800	1338.9768	1095.246	433	1
2_TAP_Pax7_MB_peak_1771_lociStitched	chr1	119902566	119903610	2	338	303.4908	61.3872	434	1
3_TAP_Pax7_MB_peak_17034_lociStitched	chr17	79745315	79749062	3	435	743.7795	502.8474	435	1
1_TAP_Pax7_MB_peak_36681_lociStitched	chr9	121348049	121348212	1	164	255.8285	15.5665	436	1
3_TAP_Pax7_MB_peak_29216_lociStitched	chr5	151374978	151389178	3	366	1899.96	1659.98	437	1
2_TAP_Pax7_MB_peak_17571_lociStitched	chr18	24738452	24745062	2	299	978.941	738.998	438	1
1_TAP_Pax7_MB_peak_22187_lociStitched	chr2	157448463	157448583	1	121	264.54	25.692	439	1
2_TAP_Pax7_MB_peak_1119_lociStitched	chr1	71998428	72002744	2	314	926.6452	689.2652	440	1
3_TAP_Pax7_MB_peak_21474_lociStitched	chr2	113818795	113821456	3	414	548.9643	311.6031	441	1
2_TAP_Pax7_MB_peak_35926_lociStitched	chr9	72711643	72723406	2	285	1498.6062	1262.1699	442	1
2_TAP_Pax7_MB_peak_20325_lociStitched	chr2	49706068	49714538	2	301	1227.303	990.99	443	1
2_TAP_Pax7_MB_peak_11420_lociStitched	chr14	48418828	48426061	2	352	828.1785	593.8293	444	1
2_TAP_Pax7_MB_peak_18438_lociStitched	chr18	75037523	75046330	2	224	936.1841	701.9179	445	1
2_TAP_Pax7_MB_peak_4150_lociStitched	chr10	59991605	59996120	2	356	792.3825	558.957	446	1
2_TAP_Pax7_MB_peak_12755_lociStitched	chr15	8586287	8590650	2	236	795.3749	563.6996	447	1
2_TAP_Pax7_MB_peak_30547_lociStitched	chr6	87328571	87330089	2	262	422.1558	190.8126	448	1
2_TAP_Pax7_MB_peak_31369_lociStitched	chr6	149108472	149113232	2	355	788.732	559.3	449	1
2_TAP_Pax7_MB_peak_14933_lociStitched	chr16	45052878	45057385	2	277	574.1918	347.039	450	1
2_TAP_Pax7_MB_peak_35044_lociStitched	chr9	13433951	13446531	2	302	1518.406	1291.966	451	1
3_TAP_Pax7_MB_peak_3102_lociStitched	chr10	4034636	4058468	3	431	2683.4832	2459.4624	452	1
3_TAP_Pax7_MB_peak_4107_lociStitched	chr10	56915237	56931566	3	430	2130.9345	1910.493	453	1
1_TAP_Pax7_MB_peak_7527_lociStitched	chr12	53146524	53146712	1	189	249.1	28.7452	454	1
1_TAP_Pax7_MB_peak_26430_lociStitched	chr4	95098089	95098264	1	176	238.805	18.69	455	1
1_TAP_Pax7_MB_peak_35345_lociStitched	chr9	35372343	35372538	1	196	245.0175	25.0575	456	1
1_TAP_Pax7_MB_peak_17793_lociStitched	chr18	42975758	42976142	1	385	2049.8304	1830.2976	457	1
2_TAP_Pax7_MB_peak_10504_lociStitched	chr13	117544089	117548356	2	310	541.909	322.5852	458	1
5_TAP_Pax7_MB_peak_12229_lociStitched	chr14	99528773	99552274	5	885	2982.2769	2763.7176	459	1
2_TAP_Pax7_MB_peak_17786_lociStitched	chr18	42605248	42611212	2	288	717.4692	499.1868	460	1
4_TAP_Pax7_MB_peak_17027_lociStitched	chr17	79598936	79611440	4	796	1526.7384	1310.4192	461	1
2_TAP_Pax7_MB_peak_2879_lociStitched	chr1	184708116	184708536	2	332	294.042	78.162	462	1
2_TAP_Pax7_MB_peak_6239_lociStitched	chr11	70284859	70293468	2	342	1218.1735	1003.8094	463	1
2_TAP_Pax7_MB_peak_3368_lociStitched	chr10	18457693	18463880	2	293	882.2662	671.2895	464	1
2_TAP_Pax7_MB_peak_4096_lociStitched	chr10	56643324	56644008	2	354	269.4276	59.0976	465	1
2_TAP_Pax7_MB_peak_36954_lociStitched	chrX	7428884	7429545	2	263	302.2092	92.9366	466	1
1_TAP_Pax7_MB_peak_13740_lociStitched	chr15	59759153	59759273	1	121	231.684	22.584	467	1
2_TAP_Pax7_MB_peak_22987_lociStitched	chr3	44139736	44145343	2	212	536.0292	327.4488	468	1
1_TAP_Pax7_MB_peak_6780_lociStitched	chr11	119855784	119855959	1	176	224.35	15.9425	469	1
2_TAP_Pax7_MB_peak_27085_lociStitched	chr4	149244599	149254619	2	329	1089.174	881.76	470	1
2_TAP_Pax7_MB_peak_5391_lociStitched	chr11	9832573	9835463	2	239	382.058	176.001	471	1
2_TAP_Pax7_MB_peak_2508_lociStitched	chr1	164416536	164419304	2	361	517.3392	311.9536	472	1
1_TAP_Pax7_MB_peak_16816_lociStitched	chr17	66417882	66418090	1	209	217.4224	12.8336	473	1
2_TAP_Pax7_MB_peak_32241_lociStitched	chr7	84098231	84101109	2	248	506.528	302.19	474	1
2_TAP_Pax7_MB_peak_16734_lociStitched	chr17	62509633	62520003	2	295	1367.803	1163.514	475	1
1_TAP_Pax7_MB_peak_13718_lociStitched	chr15	58220532	58220736	1	205	230.2752	26.7444	476	1
2_TAP_Pax7_MB_peak_23101_lociStitched	chr3	51948484	51954282	2	303	750.841	547.911	477	1
1_TAP_Pax7_MB_peak_9462_lociStitched	chr13	55174634	55174790	1	157	218.5092	15.9588	478	1
2_TAP_Pax7_MB_peak_10918_lociStitched	chr14	27069488	27070883	2	428	448.2135	246.357	479	1
1_TAP_Pax7_MB_peak_21417_lociStitched	chr2	110192687	110192929	1	243	244.904	43.6326	480	1
2_TAP_Pax7_MB_peak_27508_lociStitched	chr5	21146131	21148659	2	321	541.4976	340.5216	481	1
2_TAP_Pax7_MB_peak_10376_lociStitched	chr13	112348539	112351224	2	292	473.634	272.796	482	1
2_TAP_Pax7_MB_peak_27395_lociStitched	chr5	16458052	16470605	2	241	1241.4917	1041.899	483	1
2_TAP_Pax7_MB_peak_14428_lociStitched	chr16	13557907	13562585	2	279	556.2142	357.3992	484	1
3_TAP_Pax7_MB_peak_31314_lociStitched	chr6	146284407	146302383	3	610	1846.1352	1648.3992	485	1
3_TAP_Pax7_MB_peak_9345_lociStitched	chr13	45419111	45424028	3	393	677.0709	480.8826	486	1
2_TAP_Pax7_MB_peak_31710_lociStitched	chr7	48922994	48930563	2	448	781.8777	585.8406	487	1
3_TAP_Pax7_MB_peak_4291_lociStitched	chr10	68472839	68481130	3	416	904.5481	710.5387	488	1
1_TAP_Pax7_MB_peak_18533_lociStitched	chr18	82494109	82494283	1	175	218.6658	24.9168	489	1
1_TAP_Pax7_MB_peak_7924_lociStitched	chr12	77079481	77079666	1	186	215.2845	21.867	490	1
1_TAP_Pax7_MB_peak_23933_lociStitched	chr3	109254060	109254176	1	117	216.5024	23.374	491	1
1_TAP_Pax7_MB_peak_13162_lociStitched	chr15	31374863	31375066	1	204	213.1703	20.0767	492	1
2_TAP_Pax7_MB_peak_11355_lociStitched	chr14	45782005	45784565	2	612	511.232	318.208	493	1
2_TAP_Pax7_MB_peak_8991_lociStitched	chr13	28152580	28157610	2	278	627.744	435.598	494	1
2_TAP_Pax7_MB_peak_34274_lociStitched	chr8	78577779	78586153	2	338	1371.6612	1179.8966	495	1
2_TAP_Pax7_MB_peak_2472_lociStitched	chr1	163302219	163308972	2	384	888.0195	696.9096	496	1
4_TAP_Pax7_MB_peak_20298_lociStitched	chr2	48438755	48445207	4	579	870.3748	679.3956	497	1
2_TAP_Pax7_MB_peak_31934_lociStitched	chr7	64856196	64856919	2	583	282.9099	92.1825	498	1
2_TAP_Pax7_MB_peak_28470_lociStitched	chr5	90832564	90841531	2	227	1226.6856	1036.5852	499	1
3_TAP_Pax7_MB_peak_18813_lociStitched	chr19	16869130	16880400	3	570	1160.81	971.474	500	1
1_TAP_Pax7_MB_peak_11745_lociStitched	chr14	72869469	72869580	1	112	210.9	22.2444	501	1
1_TAP_Pax7_MB_peak_16903_lociStitched	chr17	72955544	72955682	1	139	211.071	22.5768	502	1
3_TAP_Pax7_MB_peak_29255_lociStitched	chr6	4528194	4535970	3	515	1121.2992	933.12	503	1
1_TAP_Pax7_MB_peak_15968_lociStitched	chr16	93328891	93329025	1	135	206.7754	21.3462	504	1
2_TAP_Pax7_MB_peak_8039_lociStitched	chr12	87898153	87906504	2	270	580.3945	395.8374	505	1
2_TAP_Pax7_MB_peak_32144_lociStitched	chr7	75394479	75395636	2	279	349.8768	165.6824	506	1
2_TAP_Pax7_MB_peak_34476_lociStitched	chr8	91772298	91784160	2	245	1602.5562	1418.6952	507	1
2_TAP_Pax7_MB_peak_3902_lociStitched	chr10	42687229	42696933	2	300	1078.1144	894.7088	508	1
3_TAP_Pax7_MB_peak_9437_lociStitched	chr13	52765997	52782433	3	439	2227.078	2044.6384	509	1
1_TAP_Pax7_MB_peak_34680_lociStitched	chr8	108748950	108749111	1	162	199.64	17.7744	510	1
1_TAP_Pax7_MB_peak_33418_lociStitched	chr8	27057934	27058079	1	146	205.0445	23.49	511	1
2_TAP_Pax7_MB_peak_3371_lociStitched	chr10	18477998	18484009	2	274	945.5303	763.9981	512	1
4_TAP_Pax7_MB_peak_31795_lociStitched	chr7	51887986	51899768	4	586	1358.4646	1177.0218	513	1
2_TAP_Pax7_MB_peak_25642_lociStitched	chr4	45124289	45126386	2	231	361.3131	180.1323	514	1
1_TAP_Pax7_MB_peak_27127_lociStitched	chr4	155114155	155114273	1	119	190.5936	9.617	515	1
2_TAP_Pax7_MB_peak_30098_lociStitched	chr6	53577684	53581629	2	243	639.09	460.3815	516	1
1_TAP_Pax7_MB_peak_34842_lociStitched	chr8	121955261	121955367	1	107	193.1108	16.1014	517	1
2_TAP_Pax7_MB_peak_8313_lociStitched	chr12	100420988	100425082	2	282	608.7778	432.7358	518	1
2_TAP_Pax7_MB_peak_19251_lociStitched	chr19	38037559	38038452	2	214	320.2298	144.4874	519	1
1_TAP_Pax7_MB_peak_11413_lociStitched	chr14	48225776	48225976	1	201	194.14	18.58	520	1
2_TAP_Pax7_MB_peak_35425_lociStitched	chr9	41723855	41736269	2	311	1368.0228	1194.2268	521	1
1_TAP_Pax7_MB_peak_6628_lociStitched	chr11	105408927	105409097	1	171	206.771	33.014	522	1
5_TAP_Pax7_MB_peak_10302_lociStitched	chr13	109646059	109663077	5	1143	2425.065	2251.4814	523	1
1_TAP_Pax7_MB_peak_15269_lociStitched	chr16	59601185	59601369	1	185	190.4584	17.112	524	1
1_TAP_Pax7_MB_peak_18963_lociStitched	chr19	25654466	25654688	1	223	203.6406	33.189	525	1
2_TAP_Pax7_MB_peak_13076_lociStitched	chr15	25956637	25957019	2	311	277.1028	107.1128	526	1
2_TAP_Pax7_MB_peak_21380_lociStitched	chr2	108552725	108559330	2	219	570.672	400.9235	527	1
2_TAP_Pax7_MB_peak_8573_lociStitched	chr13	5209786	5212125	2	434	390.1452	221.9711	528	1
2_TAP_Pax7_MB_peak_17330_lociStitched	chr18	7978565	7988547	2	238	920.3404	752.6428	529	1
2_TAP_Pax7_MB_peak_26545_lociStitched	chr4	99954446	99957898	2	268	499.1592	332.0824	530	1
1_TAP_Pax7_MB_peak_5582_lociStitched	chr11	19986685	19986822	1	138	184.402	18.5498	531	1
2_TAP_Pax7_MB_peak_9762_lociStitched	chr13	79125392	79127787	2	249	383.9185	218.1845	532	1
1_TAP_Pax7_MB_peak_26802_lociStitched	chr4	120249129	120249288	1	160	177.9369	13.4832	533	1
5_TAP_Pax7_MB_peak_11651_lociStitched	chr14	67911506	67918162	5	848	793.3952	628.992	534	1
2_TAP_Pax7_MB_peak_26871_lociStitched	chr4	129322575	129325302	2	295	497.1321	333.5121	535	1
