#MyoD_2d_MT_peaks Enhancers
#Created from DYSE_OUT_1906232345_1/ROSE_OUTPUT/MyoD_2d_MT_peaks/MyoD_2d_MT_peaks_12KB_STITCHED_TSS_DISTAL_ENHANCER_REGION_MAP.txt
#Ranked by X2d_myotH3K27ac.bam
#Using cutoff of 4871.4996 for Super-Enhancers
#Created on Jun 24 2019 
REGION_ID	CHROM	START	STOP	NUM_LOCI	CONSTITUENT_SIZE	X2d_myotH3K27ac.bam	Input_MT_2d.bam	enhancerRank	isSuper
9_MyoD_2d_MT_peak_7166_lociStitched	chr17	70720728	70755888	9	2178	80913.708	4198.104	1	1
3_MyoD_2d_MT_peak_7905_lociStitched	chr19	5837034	5850418	3	1038	54923.9208	1804.1632	2	1
10_MyoD_2d_MT_peak_6683_lociStitched	chr17	7620257	7664506	10	2267	52647.4602	5256.7812	3	1
5_MyoD_2d_MT_peak_10628_lociStitched	chr4	59315270	59332032	5	1287	48509.228	1981.2684	4	1
6_MyoD_2d_MT_peak_14696_lociStitched	chr8	126826538	126859956	6	1447	42978.8898	2900.6824	5	1
8_MyoD_2d_MT_peak_3688_lociStitched	chr12	86800849	86834632	8	2186	43296.2928	3597.8895	6	1
6_MyoD_2d_MT_peak_7939_lociStitched	chr19	9059105	9080175	6	1591	40637.709	2707.495	7	1
5_MyoD_2d_MT_peak_5613_lociStitched	chr15	58981968	59007080	5	1204	39820.0984	3817.024	8	1
5_MyoD_2d_MT_peak_9659_lociStitched	chr3	41182242	41195330	5	1528	36124.1888	1581.0304	9	1
8_MyoD_2d_MT_peak_6557_lociStitched	chr16	92930186	92979865	8	2127	37944.8202	5300.7493	10	1
4_MyoD_2d_MT_peak_5787_lociStitched	chr15	77876081	77888608	4	785	33460.8697	1843.9744	11	1
4_MyoD_2d_MT_peak_1517_lociStitched	chr10	45299115	45315147	4	1056	33907.68	2457.7056	12	1
6_MyoD_2d_MT_peak_8718_lociStitched	chr2	60688914	60717726	6	1272	34542.7068	3287.4492	13	1
7_MyoD_2d_MT_peak_11374_lociStitched	chr5	21482596	21505474	7	1297	33536.8602	2855.1744	14	1
10_MyoD_2d_MT_peak_3801_lociStitched	chr12	104966423	105005525	10	2717	34007.0094	4508.4606	15	1
4_MyoD_2d_MT_peak_10307_lociStitched	chr3	144664896	144680050	4	1150	30747.466	1653.3014	16	1
3_MyoD_2d_MT_peak_12173_lociStitched	chr5	149377276	149389872	3	842	29919.2788	1438.4632	17	1
6_MyoD_2d_MT_peak_315_lociStitched	chr1	72945889	72979367	6	1832	31643.4056	3692.6234	18	1
8_MyoD_2d_MT_peak_7356_lociStitched	chr18	5133267	5166993	8	1695	30626.5806	3173.6166	19	1
6_MyoD_2d_MT_peak_4262_lociStitched	chr13	51962392	51980749	6	1726	29189.4657	2022.9414	20	1
3_MyoD_2d_MT_peak_2727_lociStitched	chr11	86568637	86578416	3	586	27485.8353	1268.3363	21	1
6_MyoD_2d_MT_peak_4391_lociStitched	chr13	70676288	70685590	6	1641	27093.0052	1078.1018	22	1
5_MyoD_2d_MT_peak_399_lociStitched	chr1	81726757	81756013	5	1243	29203.3392	3361.5144	23	1
6_MyoD_2d_MT_peak_4351_lociStitched	chr13	60405110	60431517	6	1730	28577.6554	2870.4409	24	1
7_MyoD_2d_MT_peak_15114_lociStitched	chr9	58295699	58331555	7	1995	28469.664	3194.7696	25	1
2_MyoD_2d_MT_peak_2039_lociStitched	chr10	118989905	119001728	2	414	26692.7871	1658.7669	26	1
6_MyoD_2d_MT_peak_11837_lociStitched	chr5	111877239	111891559	6	1848	26361.688	1837.256	27	1
3_MyoD_2d_MT_peak_10604_lociStitched	chr4	57537823	57560402	3	772	26742.5676	2567.2323	28	1
9_MyoD_2d_MT_peak_1213_lociStitched	chr1	192778291	192807191	9	2826	27804.69	3632.73	29	1
6_MyoD_2d_MT_peak_12987_lociStitched	chr6	145993150	146010590	6	1498	25907.12	1744	30	1
4_MyoD_2d_MT_peak_5399_lociStitched	chr15	25761785	25775405	4	1036	25888.896	1985.796	31	1
3_MyoD_2d_MT_peak_14684_lociStitched	chr8	126584142	126603483	3	637	25394.733	1574.3574	32	1
5_MyoD_2d_MT_peak_10137_lociStitched	chr3	121464970	121481972	5	1574	25773.3318	2050.4412	33	1
7_MyoD_2d_MT_peak_2142_lociStitched	chr11	4271055	4302574	7	1408	26293.1498	3344.1659	34	1
4_MyoD_2d_MT_peak_15738_lociStitched	chrX	7276602	7293636	4	1322	24719.7408	1895.8842	35	1
5_MyoD_2d_MT_peak_9892_lociStitched	chr3	88488393	88500486	5	1282	24325.0695	1601.1132	36	1
8_MyoD_2d_MT_peak_7529_lociStitched	chr18	37825463	37852294	8	1889	25027.9568	2425.5224	37	1
5_MyoD_2d_MT_peak_13214_lociStitched	chr7	46341485	46366132	5	1452	24484.3298	1974.2247	38	1
5_MyoD_2d_MT_peak_1931_lociStitched	chr10	95457795	95476071	5	1156	24312.5628	2178.4992	39	1
4_MyoD_2d_MT_peak_11242_lociStitched	chr4	150794862	150809706	4	1269	23354.0652	1349.3196	40	1
9_MyoD_2d_MT_peak_8881_lociStitched	chr2	93432955	93470340	9	3209	26053.6065	4239.459	41	1
6_MyoD_2d_MT_peak_11821_lociStitched	chr5	111197342	111221264	6	1513	24445.8918	2636.2044	42	1
5_MyoD_2d_MT_peak_7376_lociStitched	chr18	5806454	5820592	5	1446	23689.6328	1904.3886	43	1
6_MyoD_2d_MT_peak_3151_lociStitched	chr11	117923300	117950042	6	1321	24148.026	2532.4674	44	1
7_MyoD_2d_MT_peak_2766_lociStitched	chr11	88594123	88608877	7	1757	22949.847	1509.3342	45	1
8_MyoD_2d_MT_peak_4829_lociStitched	chr14	25736732	25766136	8	1867	24211.2536	2916.8768	46	1
5_MyoD_2d_MT_peak_3437_lociStitched	chr12	52829108	52854622	5	1411	23625.964	2584.5682	47	1
5_MyoD_2d_MT_peak_9143_lociStitched	chr2	128536341	128566179	5	1333	24249.3426	3267.261	48	1
4_MyoD_2d_MT_peak_4523_lociStitched	chr13	97757211	97777077	4	1281	23165.7426	2254.791	49	1
3_MyoD_2d_MT_peak_82_lociStitched	chr1	34111067	34128085	3	674	22734.3462	1938.3502	50	1
4_MyoD_2d_MT_peak_2951_lociStitched	chr11	103288295	103312127	4	698	23257.6488	2662.0344	51	1
5_MyoD_2d_MT_peak_9366_lociStitched	chr2	163661370	163698348	5	1213	23865.6012	3324.3222	52	1
4_MyoD_2d_MT_peak_11844_lociStitched	chr5	112260334	112288023	4	1312	23150.7729	2644.2995	53	1
4_MyoD_2d_MT_peak_9361_lociStitched	chr2	163345009	163365003	4	727	22529.2392	2129.361	54	1
4_MyoD_2d_MT_peak_8827_lociStitched	chr2	84623518	84646434	4	833	22833.5024	2571.1752	55	1
3_MyoD_2d_MT_peak_7880_lociStitched	chr19	5015585	5021722	3	648	20894.0302	806.4018	56	1
5_MyoD_2d_MT_peak_6453_lociStitched	chr16	57415906	57432751	5	1097	21556.5465	1639.0185	57	1
6_MyoD_2d_MT_peak_3881_lociStitched	chr12	113021478	113041777	6	1202	21770.6775	2178.0827	58	1
6_MyoD_2d_MT_peak_155_lociStitched	chr1	43237155	43260245	6	1245	22157.164	2602.243	59	1
4_MyoD_2d_MT_peak_9502_lociStitched	chr2	180201404	180228880	4	1680	22497.3488	2961.9128	60	1
6_MyoD_2d_MT_peak_3107_lociStitched	chr11	116802811	116825594	6	1332	22056.2223	2656.4978	61	1
3_MyoD_2d_MT_peak_5991_lociStitched	chr15	99334532	99352652	3	894	22026.672	2850.276	62	1
3_MyoD_2d_MT_peak_5684_lociStitched	chr15	66877813	66886373	3	902	20385.64	1298.552	63	1
4_MyoD_2d_MT_peak_13122_lociStitched	chr7	28949394	28972208	4	822	20829.182	1827.4014	64	1
3_MyoD_2d_MT_peak_15589_lociStitched	chr9	116369093	116383654	3	744	20389.7683	1542.0099	65	1
3_MyoD_2d_MT_peak_7585_lociStitched	chr18	47154810	47170332	3	809	20369.5206	1547.5434	66	1
3_MyoD_2d_MT_peak_6725_lociStitched	chr17	9817215	9824364	3	562	19584.6855	875.7525	67	1
2_MyoD_2d_MT_peak_11451_lociStitched	chr5	31630152	31637109	2	380	19556.8227	905.8014	68	1
9_MyoD_2d_MT_peak_15646_lociStitched	chr9	121314174	121346983	9	2262	21260.232	2742.8324	69	1
3_MyoD_2d_MT_peak_9009_lociStitched	chr2	115774595	115780804	3	598	19121.8573	784.1967	70	1
4_MyoD_2d_MT_peak_8225_lociStitched	chr19	53731696	53741290	4	1067	19504.602	1175.265	71	1
6_MyoD_2d_MT_peak_4141_lociStitched	chr13	37658102	37692456	6	1825	21646.4554	3493.8018	72	1
8_MyoD_2d_MT_peak_11921_lociStitched	chr5	120560831	120579909	8	2094	19409.9572	1757.0838	73	1
3_MyoD_2d_MT_peak_12554_lociStitched	chr6	72976954	72989415	3	950	18953.181	1430.5228	74	1
5_MyoD_2d_MT_peak_4224_lociStitched	chr13	49345524	49372723	5	1386	20385.6505	3005.4895	75	1
4_MyoD_2d_MT_peak_2796_lociStitched	chr11	94908174	94929122	4	787	19464.8816	2086.4208	76	1
4_MyoD_2d_MT_peak_6368_lociStitched	chr16	38368375	38389574	4	1129	19534.8785	2160.1781	77	1
3_MyoD_2d_MT_peak_13896_lociStitched	chr8	11372171	11387507	3	785	18961.4304	1594.944	78	1
2_MyoD_2d_MT_peak_6222_lociStitched	chr16	24490845	24498491	2	466	18049.9122	796.7132	79	1
5_MyoD_2d_MT_peak_561_lociStitched	chr1	92776480	92814639	5	1135	21617.0735	4376.8373	80	1
3_MyoD_2d_MT_peak_5180_lociStitched	chr14	76775479	76787838	3	617	18785.68	1564.6494	81	1
5_MyoD_2d_MT_peak_4879_lociStitched	chr14	31660738	31670289	5	1272	18269.1528	1232.079	82	1
3_MyoD_2d_MT_peak_3542_lociStitched	chr12	73774905	73790987	3	804	18923.6894	1926.6236	83	1
4_MyoD_2d_MT_peak_4356_lociStitched	chr13	60450883	60468019	4	888	18498.312	1694.7504	84	1
6_MyoD_2d_MT_peak_9840_lociStitched	chr3	81909392	81926019	6	1313	18708.7004	2151.5338	85	1
4_MyoD_2d_MT_peak_4556_lociStitched	chr13	99304521	99324302	4	905	18522.9284	2009.7496	86	1
3_MyoD_2d_MT_peak_4611_lociStitched	chr13	104494353	104510917	3	672	18101.1392	1669.6512	87	1
5_MyoD_2d_MT_peak_10428_lociStitched	chr4	11978686	12009494	5	1254	19701.716	3330.3448	88	1
6_MyoD_2d_MT_peak_8580_lociStitched	chr2	35250314	35278007	6	1414	19302.021	3004.6905	89	1
2_MyoD_2d_MT_peak_12756_lociStitched	chr6	108528100	108537392	2	508	17181.8372	890.1736	90	1
6_MyoD_2d_MT_peak_2747_lociStitched	chr11	88156449	88187709	6	1118	18912.3	2669.604	91	1
3_MyoD_2d_MT_peak_9182_lociStitched	chr2	132203930	132222089	3	510	18218.9247	2057.4147	92	1
3_MyoD_2d_MT_peak_1601_lociStitched	chr10	61277870	61294588	3	691	18307.8818	2169.9964	93	1
6_MyoD_2d_MT_peak_2695_lociStitched	chr11	80485809	80512605	6	1786	18808.1124	2687.6388	94	1
2_MyoD_2d_MT_peak_14313_lociStitched	chr8	84976128	84981343	2	456	16908.073	1102.451	95	1
4_MyoD_2d_MT_peak_13268_lociStitched	chr7	65439625	65463832	4	1023	17874.4488	2101.1676	96	1
5_MyoD_2d_MT_peak_7501_lociStitched	chr18	35353023	35390010	5	1447	19599.4113	3883.635	97	1
5_MyoD_2d_MT_peak_8857_lociStitched	chr2	91370386	91408359	5	1167	19810.5141	4196.0165	98	1
3_MyoD_2d_MT_peak_4489_lociStitched	chr13	94168507	94190708	3	856	17820.7427	2477.6316	99	1
4_MyoD_2d_MT_peak_4756_lociStitched	chr14	20874034	20894085	4	719	17859.4257	2550.4872	100	1
2_MyoD_2d_MT_peak_7181_lociStitched	chr17	70993542	70999564	2	649	16107.6456	819.5942	101	1
4_MyoD_2d_MT_peak_14545_lociStitched	chr8	118137961	118162603	4	1055	17207.5086	1963.9674	102	1
4_MyoD_2d_MT_peak_147_lociStitched	chr1	43128384	43147789	4	1173	17324.784	2280.0875	103	1
4_MyoD_2d_MT_peak_5897_lociStitched	chr15	85600514	85613620	4	694	16953.9216	1926.582	104	1
4_MyoD_2d_MT_peak_1427_lociStitched	chr10	31592804	31604153	4	1305	16538.8977	1532.115	105	1
5_MyoD_2d_MT_peak_15282_lociStitched	chr9	70229950	70255320	5	1240	17421.579	2435.52	106	1
3_MyoD_2d_MT_peak_10155_lociStitched	chr3	122088310	122097484	3	1166	16263.6672	1281.6078	107	1
5_MyoD_2d_MT_peak_4231_lociStitched	chr13	49470854	49493047	5	1065	17530.2507	2638.7477	108	1
6_MyoD_2d_MT_peak_7618_lociStitched	chr18	54900809	54931785	6	1216	17678.0032	3001.5744	109	1
3_MyoD_2d_MT_peak_11448_lociStitched	chr5	31602339	31610556	3	837	15630.3774	988.5051	110	1
3_MyoD_2d_MT_peak_727_lociStitched	chr1	134092875	134100090	3	412	15393.2025	910.533	111	1
3_MyoD_2d_MT_peak_11127_lociStitched	chr4	137476976	137498529	3	574	16294.068	1814.7626	112	1
5_MyoD_2d_MT_peak_5248_lociStitched	chr14	105359921	105385467	5	1777	17315.0788	2868.8158	113	1
3_MyoD_2d_MT_peak_5852_lociStitched	chr15	81294405	81300891	3	725	15371.1714	950.199	114	1
7_MyoD_2d_MT_peak_14302_lociStitched	chr8	84719393	84745822	7	1783	18489.7284	4151.9959	115	1
5_MyoD_2d_MT_peak_4823_lociStitched	chr14	25493941	25519993	5	1055	16949.4312	2680.7508	116	1
4_MyoD_2d_MT_peak_5768_lociStitched	chr15	77031352	77041109	4	744	15583.8804	1353.2959	117	1
4_MyoD_2d_MT_peak_5475_lociStitched	chr15	36873127	36893896	4	1022	17020.1955	2814.1995	118	1
9_MyoD_2d_MT_peak_6894_lociStitched	chr17	29050782	29063550	9	1978	15362.4576	1182.3168	119	1
5_MyoD_2d_MT_peak_13424_lociStitched	chr7	83556587	83581214	5	727	16184.8644	2039.1156	120	1
4_MyoD_2d_MT_peak_2975_lociStitched	chr11	105542285	105572326	4	750	17306.6201	3202.3706	121	1
4_MyoD_2d_MT_peak_7305_lociStitched	chr17	84573385	84585514	4	1231	15403.83	1341.4674	122	1
3_MyoD_2d_MT_peak_141_lociStitched	chr1	40835624	40842622	3	753	14891.744	853.0562	123	1
4_MyoD_2d_MT_peak_7638_lociStitched	chr18	60596190	60619863	4	805	16189.9647	2158.9776	124	1
4_MyoD_2d_MT_peak_8464_lociStitched	chr2	27772043	27786215	4	730	15429.0564	1434.2064	125	1
6_MyoD_2d_MT_peak_10644_lociStitched	chr4	62726667	62744957	6	1067	15839.14	1929.595	126	1
4_MyoD_2d_MT_peak_4306_lociStitched	chr13	55169067	55174781	4	1572	14431.8498	591.399	127	1
6_MyoD_2d_MT_peak_9984_lociStitched	chr3	98024402	98046602	6	1075	16265.94	2599.62	128	1
3_MyoD_2d_MT_peak_3193_lociStitched	chr11	119794707	119803213	3	639	14759.6112	1120.2402	129	1
5_MyoD_2d_MT_peak_9482_lociStitched	chr2	173414044	173435358	5	898	15800.0682	2165.5024	130	1
2_MyoD_2d_MT_peak_3700_lociStitched	chr12	88214649	88216189	2	444	13914.978	494.648	131	1
3_MyoD_2d_MT_peak_6276_lociStitched	chr16	30180976	30188989	3	954	14436.2208	1027.2666	132	1
3_MyoD_2d_MT_peak_4369_lociStitched	chr13	63108312	63112865	3	912	13920.3422	520.8632	133	1
4_MyoD_2d_MT_peak_7251_lociStitched	chr17	79536592	79564026	4	820	16674.3852	3308.5404	134	1
4_MyoD_2d_MT_peak_9802_lociStitched	chr3	68676897	68693968	4	827	15145.3912	1882.9313	135	1
6_MyoD_2d_MT_peak_12536_lociStitched	chr6	72473609	72493252	6	1201	15527.7915	2288.4095	136	1
6_MyoD_2d_MT_peak_2427_lociStitched	chr11	57683195	57719901	6	1153	16510.3588	3274.1752	137	1
3_MyoD_2d_MT_peak_5842_lociStitched	chr15	81050129	81069270	3	541	16158.8322	2926.6589	138	1
2_MyoD_2d_MT_peak_9300_lociStitched	chr2	155873044	155885720	2	582	14720.6388	1529.9932	139	1
5_MyoD_2d_MT_peak_2759_lociStitched	chr11	88551081	88559860	5	1160	14293.0899	1156.1943	140	1
4_MyoD_2d_MT_peak_1065_lociStitched	chr1	179041944	179060521	4	980	15101.2433	2002.6006	141	1
5_MyoD_2d_MT_peak_10412_lociStitched	chr4	8939419	8954739	5	820	14731.712	1734.224	142	1
3_MyoD_2d_MT_peak_2677_lociStitched	chr11	79730565	79739526	3	699	13985.4327	1012.593	143	1
3_MyoD_2d_MT_peak_2340_lociStitched	chr11	46116609	46127943	3	775	14092.6956	1196.8704	144	1
2_MyoD_2d_MT_peak_192_lociStitched	chr1	53845997	53857062	2	694	14155.4545	1278.0075	145	1
3_MyoD_2d_MT_peak_11386_lociStitched	chr5	23410738	23418632	3	1000	13700.037	846.2368	146	1
11_MyoD_2d_MT_peak_3769_lociStitched	chr12	100980751	101008535	11	3065	15428.4552	2606.1392	147	1
2_MyoD_2d_MT_peak_4498_lociStitched	chr13	95545595	95554095	2	470	13668	881.45	148	1
2_MyoD_2d_MT_peak_10303_lociStitched	chr3	144638185	144643979	2	713	13437.4448	757.2758	149	1
3_MyoD_2d_MT_peak_10983_lociStitched	chr4	126259188	126269590	3	847	13831.5394	1160.8632	150	1
4_MyoD_2d_MT_peak_427_lociStitched	chr1	86434428	86443042	4	849	13597.199	928.5892	151	1
3_MyoD_2d_MT_peak_11175_lociStitched	chr4	141269085	141279685	3	608	13473.66	909.48	152	1
8_MyoD_2d_MT_peak_3264_lociStitched	chr12	8431913	8450915	8	1560	14357.9112	1909.701	153	1
3_MyoD_2d_MT_peak_13941_lociStitched	chr8	15060042	15073174	3	766	13803.0452	1361.7884	154	1
4_MyoD_2d_MT_peak_11515_lociStitched	chr5	36373141	36380414	4	1445	13255.7698	843.668	155	1
6_MyoD_2d_MT_peak_1370_lociStitched	chr10	23548323	23580486	6	1147	16502.8353	4113.6477	156	1
4_MyoD_2d_MT_peak_13596_lociStitched	chr7	110784946	110809304	4	918	14488.1384	2145.9398	157	1
2_MyoD_2d_MT_peak_8595_lociStitched	chr2	35889908	35899127	2	645	13412.7231	1143.156	158	1
3_MyoD_2d_MT_peak_3544_lociStitched	chr12	73806971	73819054	3	625	13421.7964	1298.9225	159	1
3_MyoD_2d_MT_peak_1054_lociStitched	chr1	177623317	177646459	3	1000	14375.8104	2439.1668	160	1
3_MyoD_2d_MT_peak_5874_lociStitched	chr15	83469438	83474477	3	885	12633.2769	744.2603	161	1
4_MyoD_2d_MT_peak_62_lociStitched	chr1	21041056	21064356	4	830	14138.44	2369.61	162	1
3_MyoD_2d_MT_peak_5392_lociStitched	chr15	25627067	25646170	3	520	14478.1637	2735.5496	163	1
2_MyoD_2d_MT_peak_2650_lociStitched	chr11	77615163	77624727	2	634	12830.106	1090.296	164	1
5_MyoD_2d_MT_peak_6721_lociStitched	chr17	9747917	9761076	5	1087	13048.4644	1321.1636	165	1
3_MyoD_2d_MT_peak_7053_lociStitched	chr17	47511339	47523514	3	1003	13084.4725	1368.47	166	1
4_MyoD_2d_MT_peak_8535_lociStitched	chr2	32166818	32174724	4	1083	12480.4116	773.2068	167	1
2_MyoD_2d_MT_peak_20_lociStitched	chr1	12612175	12623512	2	679	12919.6452	1233.4656	168	1
3_MyoD_2d_MT_peak_555_lociStitched	chr1	92699094	92708872	3	1101	12896.2042	1239.8504	169	1
3_MyoD_2d_MT_peak_1020_lociStitched	chr1	172132332	172140519	3	738	12512.1921	1004.5449	170	1
4_MyoD_2d_MT_peak_3525_lociStitched	chr12	73355281	73387076	4	1228	14644.777	3160.423	171	1
2_MyoD_2d_MT_peak_6870_lociStitched	chr17	27142116	27154492	2	344	12733.6664	1279.6784	172	1
3_MyoD_2d_MT_peak_5280_lociStitched	chr14	120296517	120308342	3	471	12943.645	1499.41	173	1
4_MyoD_2d_MT_peak_5339_lociStitched	chr15	7112615	7136318	4	898	15018.2208	3576.7827	174	1
6_MyoD_2d_MT_peak_11994_lociStitched	chr5	125226265	125254259	6	1205	14142.5688	2726.6156	175	1
4_MyoD_2d_MT_peak_12298_lociStitched	chr6	30680567	30690401	4	812	12399.6906	1035.5202	176	1
4_MyoD_2d_MT_peak_11491_lociStitched	chr5	35609412	35628877	4	1094	13399.706	2051.611	177	1
7_MyoD_2d_MT_peak_11278_lociStitched	chr4	155162515	155178718	7	1553	12952.6782	1610.5782	178	1
3_MyoD_2d_MT_peak_10739_lociStitched	chr4	84199224	84204005	3	864	11841.5808	516.8261	179	1
4_MyoD_2d_MT_peak_5462_lociStitched	chr15	34393801	34412834	4	823	14052.0639	2729.3322	180	1
4_MyoD_2d_MT_peak_12679_lociStitched	chr6	94640410	94660399	4	876	13260.7026	1984.9077	181	1
2_MyoD_2d_MT_peak_5941_lociStitched	chr15	95802247	95805521	2	483	11808.9906	577.861	182	1
2_MyoD_2d_MT_peak_10801_lociStitched	chr4	99158692	99169180	2	408	12464.988	1238.6328	183	1
3_MyoD_2d_MT_peak_2319_lociStitched	chr11	43919437	43933851	3	953	12861.6122	1664.817	184	1
3_MyoD_2d_MT_peak_5906_lociStitched	chr15	86182784	86204114	3	931	14365.755	3171.771	185	1
6_MyoD_2d_MT_peak_3129_lociStitched	chr11	117311111	117320083	6	1579	12236.9108	1073.9484	186	1
3_MyoD_2d_MT_peak_1312_lociStitched	chr10	14036534	14049502	3	845	12713.8272	1584.6896	187	1
3_MyoD_2d_MT_peak_12813_lociStitched	chr6	116406250	116418823	3	695	12452.2992	1326.4515	188	1
8_MyoD_2d_MT_peak_12624_lociStitched	chr6	89345025	89350756	8	2307	11705.5675	598.3164	189	1
3_MyoD_2d_MT_peak_9854_lociStitched	chr3	83437439	83450931	3	503	12739.1464	1691.8968	190	1
4_MyoD_2d_MT_peak_14162_lociStitched	chr8	69936158	69939978	4	948	11389.712	363.664	191	1
4_MyoD_2d_MT_peak_4813_lociStitched	chr14	25354534	25383157	4	996	13802.0106	2796.4671	192	1
3_MyoD_2d_MT_peak_7276_lociStitched	chr17	82901322	82905753	3	476	11470.9728	482.979	193	1
3_MyoD_2d_MT_peak_13910_lociStitched	chr8	13204592	13214179	3	585	11916.641	965.4109	194	1
6_MyoD_2d_MT_peak_8480_lociStitched	chr2	28227870	28246664	6	1828	12830.6638	2059.8224	195	1
6_MyoD_2d_MT_peak_11859_lociStitched	chr5	113872928	113883509	6	1212	11887.7535	1128.9927	196	1
3_MyoD_2d_MT_peak_5795_lociStitched	chr15	78436971	78450302	3	483	12392.4976	1662.3757	197	1
5_MyoD_2d_MT_peak_8322_lociStitched	chr2	4423993	4455563	5	1072	14058.121	3359.048	198	1
3_MyoD_2d_MT_peak_10335_lociStitched	chr3	146307291	146315778	3	913	11600.0316	932.7213	199	1
3_MyoD_2d_MT_peak_12696_lociStitched	chr6	97216364	97223520	3	650	11370.884	724.9028	200	1
4_MyoD_2d_MT_peak_11044_lociStitched	chr4	133107752	133118134	4	999	11738.9274	1120.2178	201	1
3_MyoD_2d_MT_peak_9902_lociStitched	chr3	88624395	88632310	3	976	11434.009	822.3685	202	1
7_MyoD_2d_MT_peak_11259_lociStitched	chr4	152068169	152093146	7	1461	12868.1504	2267.9116	203	1
3_MyoD_2d_MT_peak_7291_lociStitched	chr17	83978958	83990708	3	518	11853.4	1257.25	204	1
4_MyoD_2d_MT_peak_10997_lociStitched	chr4	129008757	129020814	4	1104	11846.0025	1291.3047	205	1
5_MyoD_2d_MT_peak_13663_lociStitched	chr7	118908940	118930295	5	1055	12174.4855	1633.6575	206	1
6_MyoD_2d_MT_peak_13937_lociStitched	chr8	14986792	15003807	6	1601	12226.979	1687.888	207	1
3_MyoD_2d_MT_peak_3858_lociStitched	chr12	111851753	111864862	3	1065	11950.1644	1439.3682	208	1
2_MyoD_2d_MT_peak_4645_lociStitched	chr13	110907637	110914032	2	387	11202.1215	735.425	209	1
3_MyoD_2d_MT_peak_13137_lociStitched	chr7	30008045	30010853	3	1523	10775.1384	323.2008	210	1
3_MyoD_2d_MT_peak_12360_lociStitched	chr6	42385696	42396449	3	836	11630.4448	1217.2396	211	1
4_MyoD_2d_MT_peak_6603_lociStitched	chr16	95831557	95845166	4	1568	11926.9276	1532.3734	212	1
2_MyoD_2d_MT_peak_5868_lociStitched	chr15	83215877	83223860	2	444	11521.8639	1141.569	213	1
3_MyoD_2d_MT_peak_4563_lociStitched	chr13	99433738	99447723	3	671	11906.829	1577.508	214	1
5_MyoD_2d_MT_peak_14560_lociStitched	chr8	119420396	119440319	5	1309	11902.0002	1613.763	215	1
5_MyoD_2d_MT_peak_1907_lociStitched	chr10	93932899	93953897	5	1216	12859.1752	2601.6522	216	1
2_MyoD_2d_MT_peak_13476_lociStitched	chr7	90336006	90341933	2	581	10707.7182	473.5673	217	1
7_MyoD_2d_MT_peak_12726_lociStitched	chr6	100157456	100194064	7	1613	13819.52	3598.5664	218	1
2_MyoD_2d_MT_peak_297_lociStitched	chr1	71755620	71767415	2	457	11656.9985	1451.9645	219	1
4_MyoD_2d_MT_peak_477_lociStitched	chr1	89538547	89555212	4	899	11745.492	1589.841	220	1
3_MyoD_2d_MT_peak_11354_lociStitched	chr5	17739909	17747557	3	1038	11068.9504	926.9376	221	1
5_MyoD_2d_MT_peak_9342_lociStitched	chr2	160603286	160621455	5	1394	12202.3004	2080.3505	222	1
3_MyoD_2d_MT_peak_4348_lociStitched	chr13	60347894	60365238	3	802	11936.1408	1841.9328	223	1
4_MyoD_2d_MT_peak_12656_lociStitched	chr6	91617754	91620773	4	1448	10404.0778	320.014	224	1
4_MyoD_2d_MT_peak_52_lociStitched	chr1	20655129	20670115	4	1170	11558.7018	1483.614	225	1
6_MyoD_2d_MT_peak_8483_lociStitched	chr2	28523644	28539554	6	1558	11961.138	1894.881	226	1
3_MyoD_2d_MT_peak_9077_lociStitched	chr2	121575727	121594941	3	746	12062.5492	2063.5836	227	1
4_MyoD_2d_MT_peak_3516_lociStitched	chr12	73201783	73210767	4	864	11033.2504	1039.4488	228	1
2_MyoD_2d_MT_peak_6006_lociStitched	chr15	99834796	99847027	2	398	11597.4342	1607.1534	229	1
2_MyoD_2d_MT_peak_5239_lociStitched	chr14	101869029	101879756	2	635	11297.6764	1316.2029	230	1
4_MyoD_2d_MT_peak_11601_lociStitched	chr5	64363975	64371768	4	732	10732.5196	780.0793	231	1
3_MyoD_2d_MT_peak_5772_lociStitched	chr15	77156640	77163927	3	1135	10994.6256	1095.2361	232	1
4_MyoD_2d_MT_peak_3641_lociStitched	chr12	84175032	84198467	4	975	12476.794	2589.5675	233	1
5_MyoD_2d_MT_peak_8616_lociStitched	chr2	38936740	38956459	5	1081	11933.9388	2052.7479	234	1
5_MyoD_2d_MT_peak_1044_lociStitched	chr1	177008965	177016238	5	921	10785.1317	907.6704	235	1
5_MyoD_2d_MT_peak_12442_lociStitched	chr6	54248759	54264749	5	1050	11707.878	1861.236	236	1
2_MyoD_2d_MT_peak_3382_lociStitched	chr12	33176041	33182302	2	420	10567.9419	773.2335	237	1
5_MyoD_2d_MT_peak_773_lociStitched	chr1	135763528	135779472	5	1071	11339.3728	1591.2112	238	1
2_MyoD_2d_MT_peak_12562_lociStitched	chr6	83006297	83015960	2	299	10860.2457	1117.0428	239	1
3_MyoD_2d_MT_peak_450_lociStitched	chr1	88466420	88475770	3	798	10718.84	985.49	240	1
7_MyoD_2d_MT_peak_15180_lociStitched	chr9	63642286	63665727	7	1483	11687.6826	1976.0763	241	1
2_MyoD_2d_MT_peak_11458_lociStitched	chr5	31876626	31888570	2	335	11008.7848	1318.6176	242	1
5_MyoD_2d_MT_peak_15836_lociStitched	chrX	68486667	68508052	5	985	12121.018	2454.998	243	1
2_MyoD_2d_MT_peak_5457_lociStitched	chr15	34329374	34336792	2	329	10660.4078	1010.3316	244	1
4_MyoD_2d_MT_peak_5623_lociStitched	chr15	59091006	59109467	4	945	12042.1103	2396.2378	245	1
3_MyoD_2d_MT_peak_6290_lociStitched	chr16	30512603	30518321	3	1245	10299.8334	668.4342	246	1
3_MyoD_2d_MT_peak_8517_lociStitched	chr2	30709420	30716739	3	632	10436.1621	812.409	247	1
3_MyoD_2d_MT_peak_379_lociStitched	chr1	78532476	78538744	3	949	10361.004	757.1744	248	1
5_MyoD_2d_MT_peak_5619_lociStitched	chr15	59054944	59071661	5	1030	11979.4022	2387.1876	249	1
3_MyoD_2d_MT_peak_10962_lociStitched	chr4	123798084	123814401	3	671	11219.5692	1634.9634	250	1
3_MyoD_2d_MT_peak_8203_lociStitched	chr19	47887435	47902647	3	735	11115.4084	1536.412	251	1
2_MyoD_2d_MT_peak_8924_lociStitched	chr2	102956590	102958953	2	593	9716.8923	177.225	252	1
3_MyoD_2d_MT_peak_2937_lociStitched	chr11	102996589	103003663	3	994	10416.465	877.8834	253	1
4_MyoD_2d_MT_peak_1575_lociStitched	chr10	59907843	59919827	4	677	10971.352	1438.08	254	1
2_MyoD_2d_MT_peak_6651_lociStitched	chr17	6172946	6179736	2	671	10381.91	850.787	255	1
5_MyoD_2d_MT_peak_15221_lociStitched	chr9	66237805	66249788	5	1326	10848.2099	1325.3198	256	1
2_MyoD_2d_MT_peak_6511_lociStitched	chr16	86210623	86223314	2	505	10989.1369	1482.3088	257	1
4_MyoD_2d_MT_peak_10898_lociStitched	chr4	118030373	118056315	4	939	11816.581	2311.4322	258	1
2_MyoD_2d_MT_peak_8169_lociStitched	chr19	46478943	46490818	2	490	10679.1875	1221.9375	259	1
3_MyoD_2d_MT_peak_6935_lociStitched	chr17	31777286	31791198	3	1056	10755.3672	1317.4664	260	1
5_MyoD_2d_MT_peak_13591_lociStitched	chr7	110732226	110754268	5	963	11433.1854	2008.0262	261	1
2_MyoD_2d_MT_peak_12529_lociStitched	chr6	72371249	72383529	2	437	10568.168	1171.512	262	1
3_MyoD_2d_MT_peak_13351_lociStitched	chr7	74445071	74458671	3	752	10488.32	1102.96	263	1
4_MyoD_2d_MT_peak_2599_lociStitched	chr11	74992658	75014402	4	675	11850.48	2472.2928	264	1
2_MyoD_2d_MT_peak_5544_lociStitched	chr15	52964660	52968142	2	541	10049.052	676.9008	265	1
4_MyoD_2d_MT_peak_5784_lociStitched	chr15	77784150	77798909	4	817	11436.7491	2067.7359	266	1
3_MyoD_2d_MT_peak_8349_lociStitched	chr2	6872496	6877466	3	958	10020.514	663.992	267	1
2_MyoD_2d_MT_peak_9681_lociStitched	chr3	51219285	51228339	2	387	10314.3168	987.7914	268	1
3_MyoD_2d_MT_peak_9313_lociStitched	chr2	156724212	156737231	3	588	10667.7686	1360.4855	269	1
4_MyoD_2d_MT_peak_9976_lociStitched	chr3	97925413	97942700	4	1013	11361.0164	2088.2696	270	1
3_MyoD_2d_MT_peak_1233_lociStitched	chr1	193338402	193347182	3	734	10210.262	937.704	271	1
2_MyoD_2d_MT_peak_3494_lociStitched	chr12	70614183	70616781	2	479	9578.826	316.1766	272	1
3_MyoD_2d_MT_peak_5411_lociStitched	chr15	26378658	26380255	3	497	9576.5702	333.4536	273	1
2_MyoD_2d_MT_peak_5492_lociStitched	chr15	38470811	38474871	2	594	9827.636	613.466	274	1
3_MyoD_2d_MT_peak_11825_lociStitched	chr5	111237439	111248294	3	826	10421.8855	1219.0165	275	1
3_MyoD_2d_MT_peak_6857_lociStitched	chr17	26582292	26585191	3	531	9531.912	368.173	276	1
2_MyoD_2d_MT_peak_9782_lociStitched	chr3	65633709	65643176	2	334	10289.6823	1141.7202	277	1
2_MyoD_2d_MT_peak_6408_lociStitched	chr16	45070328	45077710	2	716	10002.61	857.7884	278	1
2_MyoD_2d_MT_peak_12352_lociStitched	chr6	41026113	41033124	2	471	10037.6487	907.2234	279	1
4_MyoD_2d_MT_peak_7670_lociStitched	chr18	61609820	61633805	4	866	11299.3335	2185.0335	280	1
3_MyoD_2d_MT_peak_11106_lociStitched	chr4	136165034	136178310	3	1647	10174.7264	1070.0456	281	1
3_MyoD_2d_MT_peak_10351_lociStitched	chr3	148630875	148645270	3	787	10619.1915	1525.87	282	1
4_MyoD_2d_MT_peak_12858_lociStitched	chr6	125148274	125157508	4	1481	10055.826	964.0296	283	1
2_MyoD_2d_MT_peak_8430_lociStitched	chr2	25533778	25542243	2	352	10023.4065	1005.642	284	1
4_MyoD_2d_MT_peak_15032_lociStitched	chr9	49905762	49926160	4	971	10927.2086	1913.3324	285	1
3_MyoD_2d_MT_peak_7976_lociStitched	chr19	12473118	12487361	3	711	10884.5006	1884.3489	286	1
3_MyoD_2d_MT_peak_4956_lociStitched	chr14	47352433	47367279	3	716	10568.8674	1572.1914	287	1
3_MyoD_2d_MT_peak_12212_lociStitched	chr6	4488423	4496706	3	560	9830.2644	852.3207	288	1
3_MyoD_2d_MT_peak_8171_lociStitched	chr19	46518050	46524112	3	1053	9681.014	707.4354	289	1
5_MyoD_2d_MT_peak_14922_lociStitched	chr9	35032530	35051586	5	1051	10568.4576	1612.1376	290	1
2_MyoD_2d_MT_peak_13916_lociStitched	chr8	13614924	13624240	2	390	9901.9764	956.7532	291	1
4_MyoD_2d_MT_peak_8650_lociStitched	chr2	49741919	49750320	4	1071	9961.9058	1019.0413	292	1
3_MyoD_2d_MT_peak_769_lociStitched	chr1	135688402	135703045	3	591	10345.2795	1417.4424	293	1
3_MyoD_2d_MT_peak_5101_lociStitched	chr14	69438796	69447512	3	430	9354.0112	462.8196	294	1
5_MyoD_2d_MT_peak_2212_lociStitched	chr11	11844364	11857293	5	1447	10416.8953	1530.7936	295	1
2_MyoD_2d_MT_peak_7089_lociStitched	chr17	53587515	53596805	2	558	9838.11	977.308	296	1
4_MyoD_2d_MT_peak_7992_lociStitched	chr19	17011359	17024800	4	638	10502.7974	1654.5871	297	1
2_MyoD_2d_MT_peak_3503_lociStitched	chr12	71883396	71887457	2	639	9335.4268	503.9701	298	1
2_MyoD_2d_MT_peak_5106_lociStitched	chr14	69657052	69665793	2	329	9310.0391	479.0068	299	1
4_MyoD_2d_MT_peak_10535_lociStitched	chr4	45459408	45473495	4	1095	10182.0836	1374.8912	300	1
3_MyoD_2d_MT_peak_2962_lociStitched	chr11	104611693	104626234	3	517	10463.7036	1669.3068	301	1
3_MyoD_2d_MT_peak_1476_lociStitched	chr10	41544627	41555382	3	657	10230.156	1450.8495	302	1
3_MyoD_2d_MT_peak_13589_lociStitched	chr7	110702358	110709989	3	396	9456.3352	693.6579	303	1
3_MyoD_2d_MT_peak_13636_lociStitched	chr7	113146207	113154453	3	701	9289.9436	581.343	304	1
2_MyoD_2d_MT_peak_6154_lociStitched	chr16	17733021	17740338	2	389	9482.832	786.5775	305	1
2_MyoD_2d_MT_peak_7857_lociStitched	chr19	3923452	3926642	2	1080	9091.181	397.793	306	1
6_MyoD_2d_MT_peak_7510_lociStitched	chr18	35832226	35847869	6	1289	10042.806	1349.9909	307	1
5_MyoD_2d_MT_peak_1769_lociStitched	chr10	80161528	80165259	5	1201	9275.6391	585.3939	308	1
4_MyoD_2d_MT_peak_9146_lociStitched	chr2	128753263	128770808	4	689	10269.0885	1629.9305	309	1
2_MyoD_2d_MT_peak_15883_lociStitched	chrX	96113181	96120368	2	555	9415.6887	817.1619	310	1
3_MyoD_2d_MT_peak_2959_lociStitched	chr11	104561092	104576945	3	669	10359.9355	1813.5832	311	1
2_MyoD_2d_MT_peak_6951_lociStitched	chr17	32108650	32118829	2	376	9609.9939	1093.2246	312	1
2_MyoD_2d_MT_peak_14499_lociStitched	chr8	108748851	108759843	2	553	9420.144	973.8912	313	1
3_MyoD_2d_MT_peak_3854_lociStitched	chr12	111731990	111756272	3	629	10611.234	2165.9544	314	1
3_MyoD_2d_MT_peak_2741_lociStitched	chr11	88105532	88118999	3	532	9931.9125	1492.1436	315	1
5_MyoD_2d_MT_peak_9330_lociStitched	chr2	158088263	158114104	5	1028	11121.9664	2682.2958	316	1
2_MyoD_2d_MT_peak_10955_lociStitched	chr4	123588779	123594095	2	860	9031.3524	612.9348	317	1
3_MyoD_2d_MT_peak_10971_lociStitched	chr4	125114786	125124992	3	606	9655.8966	1241.0496	318	1
2_MyoD_2d_MT_peak_14941_lociStitched	chr9	35421940	35426778	2	371	8959.976	550.5644	319	1
2_MyoD_2d_MT_peak_8330_lociStitched	chr2	4557068	4568718	2	626	9649.695	1240.725	320	1
5_MyoD_2d_MT_peak_7635_lociStitched	chr18	57249548	57283237	5	1358	11592.3849	3210.5617	321	1
3_MyoD_2d_MT_peak_6946_lociStitched	chr17	32018195	32023426	3	736	8988.9504	642.3668	322	1
3_MyoD_2d_MT_peak_5406_lociStitched	chr15	25915041	25916489	3	776	8599.2376	273.8168	323	1
2_MyoD_2d_MT_peak_11719_lociStitched	chr5	93130033	93137512	2	454	9145.3212	835.4043	324	1
3_MyoD_2d_MT_peak_3280_lociStitched	chr12	9109867	9114035	3	763	8714.0376	453.4784	325	1
3_MyoD_2d_MT_peak_11191_lociStitched	chr4	143278464	143289234	3	577	9285.894	1102.848	326	1
7_MyoD_2d_MT_peak_5030_lociStitched	chr14	58502832	58538602	7	2117	11839.87	3680.733	327	1
4_MyoD_2d_MT_peak_6185_lociStitched	chr16	21293518	21322850	4	926	10351.2628	2196.9668	328	1
4_MyoD_2d_MT_peak_1299_lociStitched	chr10	12810987	12824016	4	1216	9832.9863	1696.3758	329	1
3_MyoD_2d_MT_peak_7647_lociStitched	chr18	60746942	60757196	3	442	9216.2952	1080.7716	330	1
2_MyoD_2d_MT_peak_7722_lociStitched	chr18	67977876	67985759	2	342	8808.4642	681.0912	331	1
4_MyoD_2d_MT_peak_11511_lociStitched	chr5	36121270	36134109	4	722	9494.4405	1368.6374	332	1
2_MyoD_2d_MT_peak_5676_lociStitched	chr15	64470924	64474564	2	515	8697.052	584.948	333	1
3_MyoD_2d_MT_peak_4544_lociStitched	chr13	99058698	99071706	3	534	9756	1646.8128	334	1
3_MyoD_2d_MT_peak_13000_lociStitched	chr6	146950546	146961247	3	503	9319.5009	1213.4934	335	1
2_MyoD_2d_MT_peak_15916_lociStitched	chrX	103509572	103519929	2	751	9324.4071	1219.0189	336	1
2_MyoD_2d_MT_peak_5446_lociStitched	chr15	33329896	33332317	2	559	8447.8374	343.2978	337	1
3_MyoD_2d_MT_peak_6863_lociStitched	chr17	26650853	26659174	3	661	8902.6379	821.2827	338	1
4_MyoD_2d_MT_peak_7645_lociStitched	chr18	60667024	60673080	4	824	8604.9704	541.4064	339	1
2_MyoD_2d_MT_peak_3048_lociStitched	chr11	112974994	112979692	2	371	8522.172	516.3102	340	1
3_MyoD_2d_MT_peak_8417_lociStitched	chr2	20939365	20956799	3	653	10111.72	2130.4348	341	1
6_MyoD_2d_MT_peak_1693_lociStitched	chr10	75098536	75121442	6	1522	10566.5378	2615.8652	342	1
4_MyoD_2d_MT_peak_1746_lociStitched	chr10	78297994	78306263	4	1147	8932.1738	986.4917	343	1
2_MyoD_2d_MT_peak_9239_lociStitched	chr2	148510395	148520268	2	389	8999.2395	1068.2586	344	1
2_MyoD_2d_MT_peak_9100_lociStitched	chr2	125318256	125323813	2	849	8478.3149	580.1508	345	1
4_MyoD_2d_MT_peak_8864_lociStitched	chr2	92004794	92017270	4	947	9112.4704	1245.1048	346	1
2_MyoD_2d_MT_peak_690_lociStitched	chr1	132004014	132010973	2	311	8684.1361	832.9923	347	1
2_MyoD_2d_MT_peak_10671_lociStitched	chr4	64078037	64084151	2	528	8597.5068	751.4106	348	1
3_MyoD_2d_MT_peak_2664_lociStitched	chr11	78363457	78370795	3	1125	8513.5476	678.0312	349	1
2_MyoD_2d_MT_peak_1682_lociStitched	chr10	70419365	70426755	2	455	8785.971	975.48	350	1
3_MyoD_2d_MT_peak_9727_lociStitched	chr3	55191804	55207824	3	612	9706.518	1922.4	351	1
3_MyoD_2d_MT_peak_5366_lociStitched	chr15	10928479	10940526	3	757	9459.3044	1678.1471	352	1
2_MyoD_2d_MT_peak_11365_lociStitched	chr5	21144496	21148608	2	721	8312.408	547.3072	353	1
3_MyoD_2d_MT_peak_1160_lociStitched	chr1	186442242	186449063	3	670	8462.1326	716.8871	354	1
3_MyoD_2d_MT_peak_10897_lociStitched	chr4	118015934	118017414	3	853	7909.12	210.308	355	1
4_MyoD_2d_MT_peak_14702_lociStitched	chr8	126874352	126887265	4	983	8909.97	1233.1915	356	1
2_MyoD_2d_MT_peak_7130_lociStitched	chr17	65658517	65666799	2	513	8704.382	1029.4526	357	1
6_MyoD_2d_MT_peak_15219_lociStitched	chr9	66205820	66224238	6	1171	9277.1466	1607.8914	358	1
4_MyoD_2d_MT_peak_4020_lociStitched	chr13	28718566	28739052	4	1100	9755.4332	2091.6206	359	1
3_MyoD_2d_MT_peak_7344_lociStitched	chr18	4969852	4980522	3	726	8633.097	977.372	360	1
3_MyoD_2d_MT_peak_3152_lociStitched	chr11	117974821	117979519	3	572	8181.0972	539.3304	361	1
5_MyoD_2d_MT_peak_2682_lociStitched	chr11	79779800	79800655	5	1044	9851.902	2214.801	362	1
4_MyoD_2d_MT_peak_13158_lociStitched	chr7	34969122	34988657	4	896	9150.194	1547.172	363	1
2_MyoD_2d_MT_peak_8779_lociStitched	chr2	72278310	72289427	2	379	8710.1695	1159.5031	364	1
2_MyoD_2d_MT_peak_15067_lociStitched	chr9	56502072	56509627	2	376	8265.17	725.28	365	1
2_MyoD_2d_MT_peak_4155_lociStitched	chr13	41401805	41405279	2	423	7862.3568	330.3774	366	1
3_MyoD_2d_MT_peak_5332_lociStitched	chr15	7016097	7022979	3	668	8524.7334	1003.3956	367	1
3_MyoD_2d_MT_peak_2489_lociStitched	chr11	62217834	62234325	3	682	9383.379	1871.7285	368	1
3_MyoD_2d_MT_peak_12646_lociStitched	chr6	90757639	90765058	3	579	8241.7671	734.481	369	1
3_MyoD_2d_MT_peak_8808_lociStitched	chr2	77110491	77127241	3	479	9294.575	1847.525	370	1
3_MyoD_2d_MT_peak_9723_lociStitched	chr3	55096111	55099330	3	610	7890.7347	477.3777	371	1
2_MyoD_2d_MT_peak_8124_lociStitched	chr19	41993615	42000829	2	513	8275.1794	869.287	372	1
3_MyoD_2d_MT_peak_11594_lociStitched	chr5	64196893	64204082	3	658	8321.2675	916.5975	373	1
4_MyoD_2d_MT_peak_4114_lociStitched	chr13	35503584	35512531	4	1158	8321.6047	941.2244	374	1
3_MyoD_2d_MT_peak_9291_lociStitched	chr2	155280241	155294171	3	492	8833.013	1484.938	375	1
3_MyoD_2d_MT_peak_1582_lociStitched	chr10	60197482	60209567	3	800	8852.2625	1505.791	376	1
4_MyoD_2d_MT_peak_12160_lociStitched	chr5	148959123	148978573	4	972	9406.02	2090.875	377	1
2_MyoD_2d_MT_peak_2152_lociStitched	chr11	5009769	5016634	2	491	8196.1235	884.212	378	1
4_MyoD_2d_MT_peak_10538_lociStitched	chr4	46085427	46095787	4	1022	8333.584	1025.64	379	1
3_MyoD_2d_MT_peak_905_lociStitched	chr1	156997716	157005022	3	826	8149.843	844.5736	380	1
4_MyoD_2d_MT_peak_7367_lociStitched	chr18	5380771	5396308	4	947	8818.8012	1555.2537	381	1
3_MyoD_2d_MT_peak_4899_lociStitched	chr14	33247405	33255238	3	921	7992.0099	770.7672	382	1
2_MyoD_2d_MT_peak_848_lociStitched	chr1	151228537	151237984	2	351	8302.9683	1092.0732	383	1
3_MyoD_2d_MT_peak_9545_lociStitched	chr3	14782446	14788058	3	1090	7895.5228	686.3476	384	1
3_MyoD_2d_MT_peak_8256_lociStitched	chr19	56367895	56374247	3	677	8035.28	834.0176	385	1
4_MyoD_2d_MT_peak_3774_lociStitched	chr12	102286735	102305676	4	1563	9067.0567	1871.3708	386	1
3_MyoD_2d_MT_peak_9761_lociStitched	chr3	60402315	60409623	3	588	8100.918	906.192	387	1
2_MyoD_2d_MT_peak_5379_lociStitched	chr15	23506526	23509960	2	519	7752.255	560.0854	388	1
2_MyoD_2d_MT_peak_13577_lociStitched	chr7	109630191	109637650	2	451	7802.8599	639.2363	389	1
2_MyoD_2d_MT_peak_5582_lociStitched	chr15	56820355	56832895	2	325	8889.606	1726.758	390	1
2_MyoD_2d_MT_peak_925_lociStitched	chr1	160520767	160531691	2	424	8703.1508	1554.4852	391	1
5_MyoD_2d_MT_peak_13170_lociStitched	chr7	36095219	36100082	5	899	7538.6226	405.5742	392	1
4_MyoD_2d_MT_peak_5996_lociStitched	chr15	99439446	99450224	4	1146	8740.958	1625.3224	393	1
3_MyoD_2d_MT_peak_11934_lociStitched	chr5	121685632	121693204	3	718	7861.2504	747.3564	394	1
2_MyoD_2d_MT_peak_7028_lociStitched	chr17	45615987	45627022	2	687	8477.087	1365.0295	395	1
2_MyoD_2d_MT_peak_6445_lociStitched	chr16	57246655	57251899	2	670	7657.8132	571.0716	396	1
4_MyoD_2d_MT_peak_3657_lociStitched	chr12	85192896	85209092	4	675	8682.6756	1598.5452	397	1
2_MyoD_2d_MT_peak_1114_lociStitched	chr1	183147502	183159514	2	496	8619.8112	1536.3348	398	1
2_MyoD_2d_MT_peak_603_lociStitched	chr1	119123630	119125843	2	447	7299.5805	227.939	399	1
3_MyoD_2d_MT_peak_8846_lociStitched	chr2	91296030	91299790	3	597	7425.248	363.216	400	1
4_MyoD_2d_MT_peak_2337_lociStitched	chr11	46065346	46073355	4	845	8001.7919	944.2611	401	1
3_MyoD_2d_MT_peak_2524_lociStitched	chr11	68022964	68035763	3	655	8552.2918	1498.7629	402	1
7_MyoD_2d_MT_peak_11268_lociStitched	chr4	155126692	155149155	7	1402	8955.9981	1913.8476	403	1
2_MyoD_2d_MT_peak_10863_lociStitched	chr4	109433723	109440166	2	499	7741.9088	700.3541	404	1
3_MyoD_2d_MT_peak_2687_lociStitched	chr11	79854468	79869407	3	743	8739.315	1700.0582	405	1
3_MyoD_2d_MT_peak_5878_lociStitched	chr15	83571780	83583227	3	704	8593.2629	1556.792	406	1
2_MyoD_2d_MT_peak_10788_lociStitched	chr4	95611342	95621330	2	518	8065.31	1034.7568	407	1
3_MyoD_2d_MT_peak_4326_lociStitched	chr13	60007723	60012871	3	841	7564.4712	543.6288	408	1
2_MyoD_2d_MT_peak_984_lociStitched	chr1	168225653	168234726	2	350	7983.3327	971.7183	409	1
4_MyoD_2d_MT_peak_1350_lociStitched	chr10	21618891	21636265	4	661	9272.5038	2263.8322	410	1
2_MyoD_2d_MT_peak_2009_lociStitched	chr10	115328596	115332790	2	428	7641.8874	635.8104	411	1
3_MyoD_2d_MT_peak_153_lociStitched	chr1	43211370	43223294	3	574	8276.4484	1280.6376	412	1
5_MyoD_2d_MT_peak_6906_lociStitched	chr17	29330801	29342253	5	1452	8038.1588	1044.4224	413	1
2_MyoD_2d_MT_peak_3509_lociStitched	chr12	73031425	73039413	2	404	7930.4864	938.59	414	1
5_MyoD_2d_MT_peak_1000_lociStitched	chr1	170655450	170665610	5	1535	8146.288	1157.224	415	1
2_MyoD_2d_MT_peak_4007_lociStitched	chr13	28410465	28418611	2	1177	7768.8402	784.4598	416	1
3_MyoD_2d_MT_peak_3576_lociStitched	chr12	79598694	79606647	3	567	7867.9029	892.3266	417	1
5_MyoD_2d_MT_peak_5160_lociStitched	chr14	74996543	75011441	5	819	8518.6764	1553.8614	418	1
2_MyoD_2d_MT_peak_5131_lociStitched	chr14	72738361	72744144	2	348	7719.7267	765.0909	419	1
5_MyoD_2d_MT_peak_13049_lociStitched	chr7	16940348	16956742	5	1304	8216.6728	1263.9774	420	1
2_MyoD_2d_MT_peak_12830_lociStitched	chr6	120145401	120155199	2	469	7932.4608	981.7596	421	1
2_MyoD_2d_MT_peak_1396_lociStitched	chr10	25526254	25534268	2	679	7996.3692	1069.869	422	1
5_MyoD_2d_MT_peak_10948_lociStitched	chr4	123225952	123239843	5	1578	8486.0119	1561.3484	423	1
2_MyoD_2d_MT_peak_5511_lociStitched	chr15	41612360	41613948	2	430	7183.1592	294.0976	424	1
4_MyoD_2d_MT_peak_1606_lociStitched	chr10	61357751	61366252	4	1008	8176.2618	1302.3532	425	1
3_MyoD_2d_MT_peak_11689_lociStitched	chr5	90703785	90711767	3	579	7777.6608	909.1498	426	1
5_MyoD_2d_MT_peak_2471_lociStitched	chr11	61038364	61063494	5	1239	9411.185	2575.825	427	1
2_MyoD_2d_MT_peak_2534_lociStitched	chr11	68308949	68321744	2	500	8384.5635	1562.2695	428	1
2_MyoD_2d_MT_peak_1439_lociStitched	chr10	37335256	37342879	2	446	7916.4855	1103.0481	429	1
3_MyoD_2d_MT_peak_10606_lociStitched	chr4	57601263	57611569	3	618	8006.7314	1193.4348	430	1
3_MyoD_2d_MT_peak_15440_lociStitched	chr9	94681235	94701745	3	657	8661.373	1870.512	431	1
3_MyoD_2d_MT_peak_2363_lociStitched	chr11	51911577	51918242	3	522	7478.7965	691.827	432	1
3_MyoD_2d_MT_peak_12117_lociStitched	chr5	143053254	143063885	3	458	8075.3076	1290.6034	433	1
2_MyoD_2d_MT_peak_8197_lociStitched	chr19	47487692	47492271	2	576	7265.0414	481.7108	434	1
2_MyoD_2d_MT_peak_15106_lociStitched	chr9	58266697	58275755	2	494	7614.1548	844.2056	435	1
6_MyoD_2d_MT_peak_890_lociStitched	chr1	155229799	155240164	6	1523	8078.481	1309.0995	436	1
3_MyoD_2d_MT_peak_7899_lociStitched	chr19	5809085	5810981	3	863	6935.1888	170.64	437	1
3_MyoD_2d_MT_peak_8160_lociStitched	chr19	46177138	46187522	3	706	7965.5664	1213.8896	438	1
3_MyoD_2d_MT_peak_9475_lociStitched	chr2	173256675	173265115	3	1139	7588.404	845.688	439	1
4_MyoD_2d_MT_peak_10782_lociStitched	chr4	95463475	95483819	4	1233	8843.5368	2113.7416	440	1
3_MyoD_2d_MT_peak_6213_lociStitched	chr16	24205810	24218596	3	712	7927.32	1205.7198	441	1
2_MyoD_2d_MT_peak_12202_lociStitched	chr5	151371192	151379641	2	618	7747.733	1051.0556	442	1
3_MyoD_2d_MT_peak_5843_lociStitched	chr15	81120221	81128557	3	584	7864.1824	1196.216	443	1
3_MyoD_2d_MT_peak_10079_lociStitched	chr3	107823704	107841642	3	871	8613.8276	1948.0668	444	1
3_MyoD_2d_MT_peak_4594_lociStitched	chr13	102887676	102900296	3	558	7941.766	1278.406	445	1
2_MyoD_2d_MT_peak_4553_lociStitched	chr13	99259478	99262660	2	699	7003.582	354.4748	446	1
4_MyoD_2d_MT_peak_12523_lociStitched	chr6	72144434	72155242	4	921	7749.336	1105.6584	447	1
2_MyoD_2d_MT_peak_6519_lociStitched	chr16	87567526	87574466	2	671	7371.668	730.782	448	1
2_MyoD_2d_MT_peak_5489_lociStitched	chr15	38384378	38391691	2	405	7512.6449	889.9921	449	1
3_MyoD_2d_MT_peak_8385_lociStitched	chr2	13409815	13413659	3	540	7152.9152	543.5416	450	1
4_MyoD_2d_MT_peak_12661_lociStitched	chr6	91658271	91675066	4	1187	8209.396	1612.32	451	1
2_MyoD_2d_MT_peak_13430_lociStitched	chr7	83807073	83816046	2	503	7324.6599	748.3482	452	1
2_MyoD_2d_MT_peak_5168_lociStitched	chr14	75855237	75863714	2	533	7486.8864	928.2315	453	1
3_MyoD_2d_MT_peak_2808_lociStitched	chr11	95157968	95166256	3	624	7511.4144	955.6064	454	1
2_MyoD_2d_MT_peak_9822_lociStitched	chr3	79936233	79948035	2	597	7961.6292	1431.5826	455	1
2_MyoD_2d_MT_peak_3585_lociStitched	chr12	79856594	79865469	2	457	7462.1	933.65	456	1
2_MyoD_2d_MT_peak_5626_lociStitched	chr15	59154768	59159020	2	534	7134.0056	606.7604	457	1
2_MyoD_2d_MT_peak_2995_lociStitched	chr11	107728710	107731868	2	442	6902.7564	377.381	458	1
2_MyoD_2d_MT_peak_8187_lociStitched	chr19	47222442	47233472	2	677	7707.764	1182.416	459	1
4_MyoD_2d_MT_peak_15619_lociStitched	chr9	119628734	119639386	4	1395	7411.6616	890.5072	460	1
3_MyoD_2d_MT_peak_1947_lociStitched	chr10	96822438	96837649	3	888	8436.0206	1918.1071	461	1
2_MyoD_2d_MT_peak_3101_lociStitched	chr11	116518644	116523447	2	773	7101.7158	593.6508	462	1
3_MyoD_2d_MT_peak_6629_lociStitched	chr17	3410406	3419891	3	672	7349.9265	887.796	463	1
3_MyoD_2d_MT_peak_15271_lociStitched	chr9	69467625	69473227	3	905	6922.3914	461.6048	464	1
2_MyoD_2d_MT_peak_8114_lociStitched	chr19	40429177	40433818	2	609	7022.7612	568.0584	465	1
4_MyoD_2d_MT_peak_9748_lociStitched	chr3	58312726	58328054	4	830	8189.7504	1742.7936	466	1
2_MyoD_2d_MT_peak_10743_lociStitched	chr4	84452712	84457868	2	405	7013.7068	575.9252	467	1
3_MyoD_2d_MT_peak_4922_lociStitched	chr14	40955971	40963232	3	1095	7266.8088	830.6584	468	1
3_MyoD_2d_MT_peak_13621_lociStitched	chr7	112467684	112491102	3	468	8416.4292	1981.1628	469	1
2_MyoD_2d_MT_peak_2578_lociStitched	chr11	71976823	71985645	2	958	7583.3912	1158.3286	470	1
2_MyoD_2d_MT_peak_6742_lociStitched	chr17	10378482	10391188	2	493	7631.2236	1213.423	471	1
3_MyoD_2d_MT_peak_15487_lociStitched	chr9	102831652	102849960	3	571	8035.3812	1625.7504	472	1
3_MyoD_2d_MT_peak_4280_lociStitched	chr13	52234092	52236403	3	655	6680.4077	277.7822	473	1
3_MyoD_2d_MT_peak_10518_lociStitched	chr4	43968732	43978943	3	667	7494.874	1131.3788	474	1
3_MyoD_2d_MT_peak_5401_lociStitched	chr15	25826519	25848103	3	531	9171.0416	2825.3456	475	1
2_MyoD_2d_MT_peak_5803_lociStitched	chr15	78832887	78836609	2	489	6853.6908	522.5688	476	1
3_MyoD_2d_MT_peak_1901_lociStitched	chr10	93799956	93801275	3	761	6543.6909	218.8221	477	1
3_MyoD_2d_MT_peak_13467_lociStitched	chr7	90228137	90234224	3	641	6776.0484	456.525	478	1
2_MyoD_2d_MT_peak_5424_lociStitched	chr15	28133516	28134513	2	445	6464.2489	151.0455	479	1
2_MyoD_2d_MT_peak_771_lociStitched	chr1	135732001	135741495	2	572	7305.633	993.0724	480	1
2_MyoD_2d_MT_peak_12191_lociStitched	chr5	151127099	151136351	2	456	7441.3836	1161.126	481	1
2_MyoD_2d_MT_peak_8561_lociStitched	chr2	33315405	33320918	2	324	6932.0462	664.8678	482	1
4_MyoD_2d_MT_peak_10846_lociStitched	chr4	107011431	107018740	4	734	7207.4049	942.861	483	1
2_MyoD_2d_MT_peak_6575_lociStitched	chr16	93515559	93525257	2	612	7198.8254	943.6154	484	1
2_MyoD_2d_MT_peak_14607_lociStitched	chr8	121898555	121902040	2	426	6579.3315	343.621	485	1
3_MyoD_2d_MT_peak_12067_lociStitched	chr5	138694175	138707684	3	624	7571.7945	1346.8473	486	1
2_MyoD_2d_MT_peak_8606_lociStitched	chr2	38536342	38547123	2	395	7207.0985	989.6958	487	1
3_MyoD_2d_MT_peak_7907_lociStitched	chr19	5935315	5944512	3	663	7268.3891	1098.1218	488	1
3_MyoD_2d_MT_peak_14723_lociStitched	chr8	128383288	128400630	3	606	7616.6064	1454.9938	489	1
3_MyoD_2d_MT_peak_2276_lociStitched	chr11	30161141	30166505	3	933	6810.6708	651.726	490	1
2_MyoD_2d_MT_peak_8952_lociStitched	chr2	104855717	104859342	2	511	6509.4125	357.0625	491	1
3_MyoD_2d_MT_peak_9958_lociStitched	chr3	95696419	95700388	3	619	6600.447	453.2598	492	1
4_MyoD_2d_MT_peak_2218_lociStitched	chr11	11871606	11885160	4	1250	7686.4734	1539.7344	493	1
2_MyoD_2d_MT_peak_12587_lociStitched	chr6	86475856	86480368	2	463	6650.2368	503.9904	494	1
2_MyoD_2d_MT_peak_9567_lociStitched	chr3	21761280	21772056	2	411	7422.5088	1286.6544	495	1
2_MyoD_2d_MT_peak_6041_lociStitched	chr15	102399633	102402485	2	259	6616.0696	481.7028	496	1
2_MyoD_2d_MT_peak_7245_lociStitched	chr17	79454790	79463551	2	282	7205.0464	1074.0986	497	1
2_MyoD_2d_MT_peak_1568_lociStitched	chr10	59570887	59578759	2	316	7181.6256	1054.848	498	1
2_MyoD_2d_MT_peak_4753_lociStitched	chr14	20805049	20806871	2	506	6343.8396	217.9112	499	1
2_MyoD_2d_MT_peak_5823_lociStitched	chr15	79939513	79952256	2	485	7631.7827	1507.4969	500	1
2_MyoD_2d_MT_peak_7856_lociStitched	chr19	3833030	3840007	2	318	6743.9682	640.4886	501	1
2_MyoD_2d_MT_peak_9943_lociStitched	chr3	94985623	94989686	2	454	6543.4615	455.056	502	1
4_MyoD_2d_MT_peak_4021_lociStitched	chr13	28757229	28759350	4	1015	6292.7949	210.1911	503	1
2_MyoD_2d_MT_peak_3315_lociStitched	chr12	16850719	16853892	2	551	6395.1815	323.646	504	1
3_MyoD_2d_MT_peak_3884_lociStitched	chr12	113059459	113071798	3	705	7287.4134	1240.0695	505	1
5_MyoD_2d_MT_peak_15145_lociStitched	chr9	61428058	61443386	5	1026	7401.8912	1370.3232	506	1
2_MyoD_2d_MT_peak_5578_lociStitched	chr15	56624172	56634577	2	425	7609.1765	1579.479	507	1
3_MyoD_2d_MT_peak_12641_lociStitched	chr6	90698907	90711823	3	683	7464.1564	1453.05	508	1
2_MyoD_2d_MT_peak_4483_lociStitched	chr13	94062503	94074037	2	395	7237.585	1265.2798	509	1
2_MyoD_2d_MT_peak_513_lociStitched	chr1	91023432	91032833	2	325	7014.0861	1049.1516	510	1
3_MyoD_2d_MT_peak_14918_lociStitched	chr9	34986239	35004406	3	579	7519.3213	1578.7123	511	1
3_MyoD_2d_MT_peak_8872_lociStitched	chr2	92945848	92948667	3	961	6288.6252	348.4284	512	1
2_MyoD_2d_MT_peak_7975_lociStitched	chr19	12004726	12010766	2	288	6596.888	665.608	513	1
3_MyoD_2d_MT_peak_14241_lociStitched	chr8	79207124	79210334	3	762	6452.421	525.477	514	1
3_MyoD_2d_MT_peak_12104_lociStitched	chr5	142821465	142823017	3	631	6088.8064	168.7024	515	1
2_MyoD_2d_MT_peak_10056_lociStitched	chr3	104667018	104675527	2	494	6979.9327	1061.9232	516	1
3_MyoD_2d_MT_peak_3535_lociStitched	chr12	73476311	73480607	3	1048	6408.7728	493.1808	517	1
2_MyoD_2d_MT_peak_1101_lociStitched	chr1	182520469	182528270	2	579	6774.3884	861.2304	518	1
2_MyoD_2d_MT_peak_2001_lociStitched	chr10	111719680	111725387	2	834	6621.8321	727.6425	519	1
2_MyoD_2d_MT_peak_5497_lociStitched	chr15	38709426	38714649	2	379	6740.2815	851.349	520	1
3_MyoD_2d_MT_peak_3451_lociStitched	chr12	54187283	54208747	3	861	8096.2208	2208.6456	521	1
2_MyoD_2d_MT_peak_10572_lociStitched	chr4	53757189	53760032	2	607	6213.9451	351.6791	522	1
4_MyoD_2d_MT_peak_14952_lociStitched	chr9	37053065	37055137	4	1134	6065.5728	213.6232	523	1
2_MyoD_2d_MT_peak_6416_lociStitched	chr16	45930360	45936763	2	499	6474.7136	629.4149	524	1
3_MyoD_2d_MT_peak_9630_lociStitched	chr3	37834659	37845961	3	576	7081.8332	1240.9596	525	1
3_MyoD_2d_MT_peak_1134_lociStitched	chr1	184663413	184675852	3	816	7149.9372	1328.4852	526	1
3_MyoD_2d_MT_peak_8346_lociStitched	chr2	6366575	6379992	3	514	7355.1994	1540.2716	527	1
2_MyoD_2d_MT_peak_1661_lociStitched	chr10	69185956	69188142	2	570	6124.079	310.1934	528	1
3_MyoD_2d_MT_peak_6542_lociStitched	chr16	92608251	92612721	3	658	6181.116	377.268	529	1
5_MyoD_2d_MT_peak_9412_lociStitched	chr2	166425224	166442015	5	1178	7577.7783	1776.4878	530	1
3_MyoD_2d_MT_peak_2946_lociStitched	chr11	103235734	103246725	3	761	6869.375	1071.6225	531	1
2_MyoD_2d_MT_peak_15560_lociStitched	chr9	114019121	114022532	2	523	6042.2454	255.4839	532	1
2_MyoD_2d_MT_peak_10437_lociStitched	chr4	15213091	15214942	2	622	6041.2938	263.9526	533	1
2_MyoD_2d_MT_peak_15068_lociStitched	chr9	56544748	56553033	2	319	6486.3265	724.9375	534	1
3_MyoD_2d_MT_peak_1098_lociStitched	chr1	182489827	182506855	3	719	7757.9568	2002.4928	535	1
2_MyoD_2d_MT_peak_12877_lociStitched	chr6	127329343	127335808	2	282	6342.165	587.022	536	1
3_MyoD_2d_MT_peak_13727_lociStitched	chr7	130628636	130646176	3	491	7207.186	1461.082	537	1
4_MyoD_2d_MT_peak_14848_lociStitched	chr9	21751471	21755263	4	981	6110.4288	368.5824	538	1
2_MyoD_2d_MT_peak_3485_lociStitched	chr12	69496594	69502218	2	581	6253.3256	533.7176	539	1
3_MyoD_2d_MT_peak_2449_lociStitched	chr11	59636007	59640506	3	867	6241.0128	524.1335	540	1
3_MyoD_2d_MT_peak_5572_lociStitched	chr15	55849991	55862115	3	586	7350.7812	1640.3772	541	1
3_MyoD_2d_MT_peak_12949_lociStitched	chr6	140484131	140490502	3	606	6454.4601	744.7699	542	1
2_MyoD_2d_MT_peak_8986_lociStitched	chr2	113440452	113444819	2	317	6209.0006	500.8949	543	1
2_MyoD_2d_MT_peak_4278_lociStitched	chr13	52175675	52185814	2	781	6658.2813	953.066	544	1
4_MyoD_2d_MT_peak_4206_lociStitched	chr13	46611157	46629722	4	992	7437.139	1737.684	545	1
2_MyoD_2d_MT_peak_4168_lociStitched	chr13	43262134	43269332	2	440	6512.7504	815.5334	546	1
5_MyoD_2d_MT_peak_12885_lociStitched	chr6	128046827	128085978	5	1153	9329.6833	3641.043	547	1
3_MyoD_2d_MT_peak_15127_lociStitched	chr9	60308356	60312044	3	1091	5988.2056	323.8064	548	1
4_MyoD_2d_MT_peak_124_lociStitched	chr1	39746445	39754979	4	1058	6591.6616	933.6196	549	1
4_MyoD_2d_MT_peak_12413_lociStitched	chr6	52074990	52092286	4	939	7380.2032	1724.4112	550	1
3_MyoD_2d_MT_peak_10164_lociStitched	chr3	122431193	122438824	3	863	6328.3883	686.0269	551	1
4_MyoD_2d_MT_peak_2193_lociStitched	chr11	8539679	8557460	4	911	7576.4841	1938.129	552	1
5_MyoD_2d_MT_peak_472_lociStitched	chr1	89509324	89522187	5	1167	6857.2653	1233.5617	553	1
3_MyoD_2d_MT_peak_5903_lociStitched	chr15	86075755	86090277	3	620	7300.2094	1681.6476	554	1
3_MyoD_2d_MT_peak_7604_lociStitched	chr18	53264218	53268807	3	481	6027.6515	418.0579	555	1
3_MyoD_2d_MT_peak_14139_lociStitched	chr8	67931110	67950933	3	570	7451.4657	1849.4859	556	1
2_MyoD_2d_MT_peak_4548_lociStitched	chr13	99125052	99129940	2	467	5955.0504	356.824	557	1
3_MyoD_2d_MT_peak_6414_lociStitched	chr16	45796868	45810515	3	785	6841.2411	1265.0769	558	1
2_MyoD_2d_MT_peak_8781_lociStitched	chr2	72318409	72320992	2	652	5859.7938	288.2628	559	1
3_MyoD_2d_MT_peak_14509_lociStitched	chr8	110931677	110941960	3	613	6450.5259	896.6776	560	1
3_MyoD_2d_MT_peak_6588_lociStitched	chr16	94348868	94362321	3	998	6871.7924	1318.394	561	1
3_MyoD_2d_MT_peak_11610_lociStitched	chr5	64567876	64580066	3	724	7078.733	1532.283	562	1
2_MyoD_2d_MT_peak_12492_lociStitched	chr6	67102511	67106808	2	472	6008.0654	469.2324	563	1
5_MyoD_2d_MT_peak_8842_lociStitched	chr2	91059463	91062334	5	1278	5848.5141	334.1844	564	1
3_MyoD_2d_MT_peak_14216_lociStitched	chr8	77487850	77492660	3	628	6086.574	580.086	565	1
3_MyoD_2d_MT_peak_499_lociStitched	chr1	90497532	90513707	3	478	7343.45	1850.42	566	1
4_MyoD_2d_MT_peak_12548_lociStitched	chr6	72734625	72749171	4	806	7015.5358	1536.0576	567	1
4_MyoD_2d_MT_peak_4796_lociStitched	chr14	22813314	22823519	4	681	6797.5505	1318.486	568	1
3_MyoD_2d_MT_peak_12758_lociStitched	chr6	108569729	108571149	3	692	5648.05	211.012	569	1
3_MyoD_2d_MT_peak_3056_lociStitched	chr11	113469999	113487865	3	544	7183.9186	1749.0814	570	1
2_MyoD_2d_MT_peak_5847_lociStitched	chr15	81225837	81227278	2	663	5671.0555	245.8346	571	1
3_MyoD_2d_MT_peak_1838_lociStitched	chr10	84997902	85011369	3	930	7247.9394	1835.5521	572	1
3_MyoD_2d_MT_peak_13220_lociStitched	chr7	48878088	48888193	3	688	6231.7535	819.5155	573	1
3_MyoD_2d_MT_peak_9695_lociStitched	chr3	52060912	52070112	3	711	6368.24	959.56	574	1
3_MyoD_2d_MT_peak_7521_lociStitched	chr18	36411569	36416807	3	687	5819.418	411.183	575	1
3_MyoD_2d_MT_peak_8554_lociStitched	chr2	33046984	33057837	3	695	6562.8091	1154.7592	576	1
4_MyoD_2d_MT_peak_3430_lociStitched	chr12	52635243	52636813	4	877	5657.652	257.637	577	1
2_MyoD_2d_MT_peak_11573_lociStitched	chr5	53510045	53516804	2	455	6093.9144	700.9083	578	1
2_MyoD_2d_MT_peak_15186_lociStitched	chr9	63702514	63708244	2	670	5856.633	467.568	579	1
3_MyoD_2d_MT_peak_8274_lociStitched	chr19	56974310	56984480	3	700	6578.973	1197.009	580	1
2_MyoD_2d_MT_peak_6466_lociStitched	chr16	65820890	65828422	2	490	6256.8324	876.7248	581	1
2_MyoD_2d_MT_peak_12518_lociStitched	chr6	72109069	72112979	2	817	5772.333	398.82	582	1
2_MyoD_2d_MT_peak_3716_lociStitched	chr12	91068253	91070961	2	603	5605.8308	243.1784	583	1
2_MyoD_2d_MT_peak_10176_lociStitched	chr3	123138297	123139875	2	370	5513.6898	162.534	584	1
2_MyoD_2d_MT_peak_10559_lociStitched	chr4	48660990	48667538	2	311	6075.8892	728.7924	585	1
3_MyoD_2d_MT_peak_7132_lociStitched	chr17	65701380	65704090	3	519	5694.794	363.411	586	1
3_MyoD_2d_MT_peak_13919_lociStitched	chr8	13668439	13673565	3	565	5846.7156	517.726	587	1
3_MyoD_2d_MT_peak_1185_lociStitched	chr1	191283110	191299836	3	762	7053.3542	1756.23	588	1
4_MyoD_2d_MT_peak_7455_lociStitched	chr18	25510723	25525641	4	851	6526.625	1238.194	589	1
2_MyoD_2d_MT_peak_3574_lociStitched	chr12	79507054	79512025	2	782	5848.3815	566.694	590	1
2_MyoD_2d_MT_peak_4157_lociStitched	chr13	41431859	41436966	2	537	5803.0841	534.1922	591	1
3_MyoD_2d_MT_peak_2842_lociStitched	chr11	97971323	97980907	3	656	6346.5248	1078.2	592	1
3_MyoD_2d_MT_peak_3889_lociStitched	chr12	116109612	116118749	3	766	6175.6983	924.6644	593	1
2_MyoD_2d_MT_peak_14150_lociStitched	chr8	68903004	68915045	2	412	6547.8958	1301.6321	594	1
2_MyoD_2d_MT_peak_3648_lociStitched	chr12	84790658	84794881	2	769	5697.2493	454.8171	595	1
4_MyoD_2d_MT_peak_15315_lociStitched	chr9	72205898	72220264	4	875	6552.3326	1310.1792	596	1
4_MyoD_2d_MT_peak_486_lociStitched	chr1	90161616	90164778	4	1590	5633.7354	395.5662	597	1
2_MyoD_2d_MT_peak_2281_lociStitched	chr11	30257843	30268223	2	375	6456.36	1219.65	598	1
4_MyoD_2d_MT_peak_2158_lociStitched	chr11	5189362	5197456	4	953	6093.9726	862.8204	599	1
2_MyoD_2d_MT_peak_8469_lociStitched	chr2	27802649	27810107	2	488	6055.1502	833.0586	600	1
2_MyoD_2d_MT_peak_14720_lociStitched	chr8	128263399	128273382	2	702	5929.902	714.7828	601	1
2_MyoD_2d_MT_peak_7121_lociStitched	chr17	64548561	64559481	2	730	6396.936	1188.096	602	1
2_MyoD_2d_MT_peak_3703_lociStitched	chr12	88293133	88297714	2	505	5987.367	799.3845	603	1
2_MyoD_2d_MT_peak_12931_lociStitched	chr6	136903965	136911991	2	523	5967.331	801.7974	604	1
3_MyoD_2d_MT_peak_11310_lociStitched	chr5	4993198	5006007	3	678	6644.0283	1480.7204	605	1
4_MyoD_2d_MT_peak_13900_lociStitched	chr8	11411839	11422244	4	654	6318.9565	1170.5625	606	1
3_MyoD_2d_MT_peak_785_lociStitched	chr1	135929866	135949180	3	565	7374.0852	2257.8066	607	1
3_MyoD_2d_MT_peak_3753_lociStitched	chr12	100391821	100399547	3	867	6055.6388	940.2542	608	1
3_MyoD_2d_MT_peak_10994_lociStitched	chr4	128970006	128981545	3	870	6154.9026	1043.1256	609	1
2_MyoD_2d_MT_peak_5490_lociStitched	chr15	38450983	38453116	2	695	5419.7397	311.6313	610	1
3_MyoD_2d_MT_peak_11618_lociStitched	chr5	64878634	64898817	3	770	7160.9284	2072.7941	611	1
2_MyoD_2d_MT_peak_1551_lociStitched	chr10	58341832	58352711	2	350	6493.6751	1413.1821	612	1
3_MyoD_2d_MT_peak_3367_lociStitched	chr12	31968724	31973729	3	594	5608.1025	552.0515	613	1
2_MyoD_2d_MT_peak_7336_lociStitched	chr18	4514623	4523264	2	525	5875.88	832.1283	614	1
2_MyoD_2d_MT_peak_3001_lociStitched	chr11	108752385	108758310	2	294	5694.5175	651.1575	615	1
4_MyoD_2d_MT_peak_12444_lociStitched	chr6	54277448	54279194	4	1152	5293.5228	250.3764	616	1
2_MyoD_2d_MT_peak_441_lociStitched	chr1	87270959	87274048	2	344	5324.2004	285.1147	617	1
3_MyoD_2d_MT_peak_1157_lociStitched	chr1	186399737	186414009	3	741	6714.976	1702.6496	618	1
3_MyoD_2d_MT_peak_761_lociStitched	chr1	135552110	135568388	3	545	6670.7244	1668.495	619	1
2_MyoD_2d_MT_peak_12561_lociStitched	chr6	82747214	82754116	2	380	5721.0678	740.5846	620	1
2_MyoD_2d_MT_peak_8355_lociStitched	chr2	7089153	7090854	2	344	5199.7869	222.4908	621	1
2_MyoD_2d_MT_peak_9799_lociStitched	chr3	68608828	68610445	2	801	5170.1958	193.8783	622	1
4_MyoD_2d_MT_peak_550_lociStitched	chr1	92676486	92683703	4	903	5775.0434	801.087	623	1
3_MyoD_2d_MT_peak_8162_lociStitched	chr19	46222895	46225818	3	615	5329.7982	361.5751	624	1
3_MyoD_2d_MT_peak_4735_lociStitched	chr14	19737580	19748442	3	442	6238.0466	1270.854	625	1
2_MyoD_2d_MT_peak_2803_lociStitched	chr11	95100565	95111983	2	407	6015.0024	1051.5978	626	1
3_MyoD_2d_MT_peak_12289_lociStitched	chr6	30575035	30580360	3	599	5642.37	689.5875	627	1
3_MyoD_2d_MT_peak_5606_lociStitched	chr15	58811384	58817579	3	657	6037.0275	1085.9835	628	1
3_MyoD_2d_MT_peak_9439_lociStitched	chr2	167590505	167606972	3	466	6599.9736	1654.9335	629	1
3_MyoD_2d_MT_peak_11379_lociStitched	chr5	21519274	21528753	3	784	6069.4037	1128.001	630	1
2_MyoD_2d_MT_peak_161_lociStitched	chr1	43714944	43722762	2	329	5832.228	902.1972	631	1
2_MyoD_2d_MT_peak_6390_lociStitched	chr16	43574287	43577655	2	438	5291.4648	376.8792	632	1
5_MyoD_2d_MT_peak_11812_lociStitched	chr5	110607907	110629854	5	1480	7139.3591	2234.2046	633	1
4_MyoD_2d_MT_peak_6215_lociStitched	chr16	24231563	24238538	4	1092	5621.85	717.7275	634	1
2_MyoD_2d_MT_peak_1874_lociStitched	chr10	89764883	89776447	2	367	6500.1244	1596.9884	635	1
