#Myf6_5d Enhancers
#Created from DYSE_OUT_1906232345_1/ROSE_OUTPUT/Myf6_5d/Myf6_5d_12KB_STITCHED_TSS_DISTAL_ENHANCER_REGION_MAP.txt
#Ranked by X4d_myotH3K27ac.bam
#Using cutoff of 1882.7487 for Super-Enhancers
#Created on Jun 24 2019 
REGION_ID	CHROM	START	STOP	NUM_LOCI	CONSTITUENT_SIZE	X4d_myotH3K27ac.bam	Input_MT_5d.bam	enhancerRank	isSuper
7_Myf6_5d.nodup_peak_6678_lociStitched	chr19	47413577	47459511	7	1349	39020.933	5190.542	1	1
7_Myf6_5d.nodup_peak_5242_lociStitched	chr16	92948577	92983287	7	1842	35529.156	4786.509	2	1
7_Myf6_5d.nodup_peak_4383_lociStitched	chr15	58975876	59013089	7	1095	36334.7732	5749.4085	3	1
8_Myf6_5d.nodup_peak_11276_lociStitched	chr7	46340486	46371413	8	1851	28759.0173	3500.9364	4	1
5_Myf6_5d.nodup_peak_2258_lociStitched	chr11	80485719	80512698	5	1241	28783.8951	3555.8322	5	1
3_Myf6_5d.nodup_peak_4203_lociStitched	chr15	25762302	25779774	3	584	27458.9952	3026.1504	6	1
8_Myf6_5d.nodup_peak_12629_lociStitched	chr8	126839079	126877156	8	1959	28112.2491	4527.3553	7	1
3_Myf6_5d.nodup_peak_4336_lociStitched	chr15	55128719	55147341	3	924	26413.4448	3186.2242	8	1
3_Myf6_5d.nodup_peak_7726_lociStitched	chr2	163345006	163361488	3	607	25186.1442	2226.7182	9	1
5_Myf6_5d.nodup_peak_3416_lociStitched	chr13	37658157	37692435	5	1314	25317.7308	4106.5044	10	1
6_Myf6_5d.nodup_peak_1523_lociStitched	chr10	81412064	81433987	6	1112	22598.2284	2459.7606	11	1
5_Myf6_5d.nodup_peak_6689_lociStitched	chr19	47885448	47903679	5	1227	22559.0394	2490.3546	12	1
6_Myf6_5d.nodup_peak_10177_lociStitched	chr5	125232648	125274118	6	1089	23836.956	4350.203	13	1
3_Myf6_5d.nodup_peak_3923_lociStitched	chr14	25736750	25755082	3	499	21897.574	2445.4888	14	1
6_Myf6_5d.nodup_peak_12188_lociStitched	chr8	72566098	72588120	6	1068	21405.384	2541.3388	15	1
7_Myf6_5d.nodup_peak_5502_lociStitched	chr17	29050788	29063539	7	1759	19976.9917	1735.4111	16	1
5_Myf6_5d.nodup_peak_522_lociStitched	chr1	92776018	92790459	5	1163	20301.1578	2131.4916	17	1
4_Myf6_5d.nodup_peak_334_lociStitched	chr1	72951901	72969721	4	1196	20156.202	2191.86	18	1
8_Myf6_5d.nodup_peak_4928_lociStitched	chr16	24200288	24238176	8	1827	21861.376	4156.3136	19	1
5_Myf6_5d.nodup_peak_3520_lociStitched	chr13	49345407	49362577	5	1306	20169.599	2470.763	20	1
5_Myf6_5d.nodup_peak_6920_lociStitched	chr2	29702287	29717169	5	843	19455.2386	2013.5346	21	1
4_Myf6_5d.nodup_peak_4714_lociStitched	chr15	99334578	99359156	4	717	21690.085	4483.0272	22	1
5_Myf6_5d.nodup_peak_10995_lociStitched	chr6	128250673	128276045	5	1021	19731.8044	2813.7548	23	1
3_Myf6_5d.nodup_peak_6624_lociStitched	chr19	42000480	42018164	3	600	19241.9604	2534.1172	24	1
5_Myf6_5d.nodup_peak_5563_lociStitched	chr17	31914362	31930646	5	1271	18106.1796	2059.926	25	1
4_Myf6_5d.nodup_peak_6681_lociStitched	chr19	47486246	47500557	4	674	17708.4314	1767.4085	26	1
3_Myf6_5d.nodup_peak_6007_lociStitched	chr18	35832248	35850114	3	571	17694.4864	1808.0392	27	1
3_Myf6_5d.nodup_peak_5757_lociStitched	chr17	70738656	70753949	3	555	17603.7723	1790.8103	28	1
4_Myf6_5d.nodup_peak_7872_lociStitched	chr2	180362577	180376967	4	1246	17594.653	1820.335	29	1
4_Myf6_5d.nodup_peak_1344_lociStitched	chr10	61226885	61249065	4	1000	18699.958	2938.85	30	1
5_Myf6_5d.nodup_peak_10760_lociStitched	chr6	91643508	91660520	5	1342	17828.576	2080.5676	31	1
5_Myf6_5d.nodup_peak_4618_lociStitched	chr15	84241617	84269800	5	789	19423.7236	3689.1547	32	1
4_Myf6_5d.nodup_peak_2701_lociStitched	chr12	8436703	8450911	4	826	17696.064	2053.056	33	1
4_Myf6_5d.nodup_peak_5061_lociStitched	chr16	38368368	38389649	4	878	17922.8582	2579.2572	34	1
4_Myf6_5d.nodup_peak_7635_lociStitched	chr2	152804361	152818534	4	1040	17271.2178	1982.8027	35	1
5_Myf6_5d.nodup_peak_3919_lociStitched	chr14	25493975	25517419	5	786	18070.6352	2876.5788	36	1
4_Myf6_5d.nodup_peak_2316_lociStitched	chr11	88551130	88559834	4	810	16237.312	1141.9648	37	1
4_Myf6_5d.nodup_peak_5341_lociStitched	chr17	7633468	7656241	4	717	17951.9559	3258.8163	38	1
4_Myf6_5d.nodup_peak_11809_lociStitched	chr7	132714752	132729791	4	944	16037.5896	1364.0373	39	1
2_Myf6_5d.nodup_peak_12257_lociStitched	chr8	84735669	84745856	2	329	16104.6283	1466.928	40	1
6_Myf6_5d.nodup_peak_10142_lociStitched	chr5	123968589	124005904	6	993	18168.6735	3653.1385	41	1
5_Myf6_5d.nodup_peak_479_lociStitched	chr1	91003620	91038757	5	862	18053.3906	3794.796	42	1
3_Myf6_5d.nodup_peak_10736_lociStitched	chr6	90698898	90711827	3	671	15966.0221	1794.5452	43	1
5_Myf6_5d.nodup_peak_13388_lociStitched	chr9	121332166	121357420	5	1063	16783.8084	2790.567	44	1
6_Myf6_5d.nodup_peak_9035_lociStitched	chr4	107004101	107018733	6	1063	15650.3872	1804.1256	45	1
5_Myf6_5d.nodup_peak_3226_lociStitched	chr12	113023213	113035343	5	875	15274.096	1573.261	46	1
5_Myf6_5d.nodup_peak_11103_lociStitched	chr7	6749301	6777442	5	1171	15919.3637	2270.9787	47	1
3_Myf6_5d.nodup_peak_9234_lociStitched	chr4	133103700	133117025	3	521	14689.48	1208.5775	48	1
3_Myf6_5d.nodup_peak_7681_lociStitched	chr2	156724033	156737222	3	907	15228.0194	1806.893	49	1
3_Myf6_5d.nodup_peak_4608_lociStitched	chr15	83469506	83474417	3	993	14193.7722	1012.6482	50	1
4_Myf6_5d.nodup_peak_5566_lociStitched	chr17	32012383	32023440	4	914	14793.1603	1768.0143	51	1
3_Myf6_5d.nodup_peak_10240_lociStitched	chr5	136290014	136312379	3	711	15311.079	2352.798	52	1
4_Myf6_5d.nodup_peak_2449_lociStitched	chr11	102985268	103003583	4	901	14913.9045	2278.386	53	1
3_Myf6_5d.nodup_peak_2351_lociStitched	chr11	94133325	94145499	3	482	13862.5338	1305.0528	54	1
5_Myf6_5d.nodup_peak_8751_lociStitched	chr4	46085407	46100202	5	1292	14337.8345	1822.744	55	1
3_Myf6_5d.nodup_peak_9486_lociStitched	chr4	155163380	155178630	3	487	14327.375	1891	56	1
5_Myf6_5d.nodup_peak_7347_lociStitched	chr2	102112075	102128258	5	863	14338.138	1909.594	57	1
3_Myf6_5d.nodup_peak_8398_lociStitched	chr3	121474796	121481937	3	982	13435.7915	1021.163	58	1
3_Myf6_5d.nodup_peak_3060_lociStitched	chr12	86816341	86827271	3	460	13790.381	1413.249	59	1
4_Myf6_5d.nodup_peak_10980_lociStitched	chr6	127989123	128008264	4	1038	14604.583	2229.9265	60	1
3_Myf6_5d.nodup_peak_5358_lociStitched	chr17	9748050	9768874	3	524	15228.5912	2857.0528	61	1
5_Myf6_5d.nodup_peak_12775_lociStitched	chr9	35323119	35344579	5	848	14571.34	2221.11	62	1
4_Myf6_5d.nodup_peak_4390_lociStitched	chr15	59054933	59071634	4	922	15248.013	2905.974	63	1
4_Myf6_5d.nodup_peak_6278_lociStitched	chr18	75654873	75676164	4	902	14452.3308	2169.5529	64	1
7_Myf6_5d.nodup_peak_12537_lociStitched	chr8	122019189	122039809	7	1641	14726.804	2472.338	65	1
2_Myf6_5d.nodup_peak_1993_lociStitched	chr11	54062838	54075593	2	355	13512.647	1698.966	66	1
4_Myf6_5d.nodup_peak_5471_lociStitched	chr17	26582294	26599014	4	572	13887.632	2146.848	67	1
3_Myf6_5d.nodup_peak_13042_lociStitched	chr9	66237911	66249685	3	819	13071.4948	1412.88	68	1
3_Myf6_5d.nodup_peak_6166_lociStitched	chr18	61609812	61622335	3	530	13109.0764	1452.668	69	1
4_Myf6_5d.nodup_peak_11957_lociStitched	chr8	13209056	13226689	4	1206	13552.7238	1939.63	70	1
6_Myf6_5d.nodup_peak_1841_lociStitched	chr11	11823996	11857284	6	1627	15219.2736	3744.9	71	1
2_Myf6_5d.nodup_peak_4260_lociStitched	chr15	36873199	36885211	2	568	13604.7912	2162.16	72	1
3_Myf6_5d.nodup_peak_2355_lociStitched	chr11	94221434	94239931	3	563	13682.2309	2256.634	73	1
4_Myf6_5d.nodup_peak_6387_lociStitched	chr19	5928197	5944505	4	842	13250.25	1829.7576	74	1
8_Myf6_5d.nodup_peak_9261_lociStitched	chr4	134591549	134631627	8	1676	15361.8974	3995.7766	75	1
4_Myf6_5d.nodup_peak_11303_lociStitched	chr7	49359272	49378924	4	752	13033.2064	1819.7752	76	1
3_Myf6_5d.nodup_peak_2458_lociStitched	chr11	103234569	103246650	3	744	12529.2051	1473.882	77	1
4_Myf6_5d.nodup_peak_6129_lociStitched	chr18	57245466	57267357	4	930	13458.5868	2414.5773	78	1
4_Myf6_5d.nodup_peak_4721_lociStitched	chr15	99796809	99814800	4	840	13327.7328	2304.6471	79	1
5_Myf6_5d.nodup_peak_3495_lociStitched	chr13	46611187	46629774	5	1321	13206.0635	2209.9943	80	1
5_Myf6_5d.nodup_peak_4983_lociStitched	chr16	30512618	30533246	5	910	13420.5768	2467.1088	81	1
3_Myf6_5d.nodup_peak_2288_lociStitched	chr11	86568573	86578326	3	502	11713.353	1082.583	82	1
2_Myf6_5d.nodup_peak_6425_lociStitched	chr19	9061585	9073917	2	303	12208.68	1585.8952	83	1
5_Myf6_5d.nodup_peak_12329_lociStitched	chr8	95149582	95168090	5	846	12898.2252	2302.3952	84	1
4_Myf6_5d.nodup_peak_5555_lociStitched	chr17	31767479	31791208	4	1016	13596.717	3037.312	85	1
4_Myf6_5d.nodup_peak_10867_lociStitched	chr6	112861716	112879513	4	838	12765.7881	2206.828	86	1
2_Myf6_5d.nodup_peak_8425_lociStitched	chr3	123138316	123148824	2	437	12067.3872	1541.5236	87	1
3_Myf6_5d.nodup_peak_12432_lociStitched	chr8	111711133	111726833	3	741	12121.97	1711.3	88	1
3_Myf6_5d.nodup_peak_2476_lociStitched	chr11	104561073	104576961	3	571	12406.9392	2001.888	89	1
2_Myf6_5d.nodup_peak_7301_lociStitched	chr2	91947717	91959161	2	615	11603.0716	1261.1288	90	1
3_Myf6_5d.nodup_peak_3151_lociStitched	chr12	102289652	102303213	3	807	11994.7045	1754.7934	91	1
3_Myf6_5d.nodup_peak_11424_lociStitched	chr7	74445271	74458648	3	597	11564.4165	1344.3885	92	1
2_Myf6_5d.nodup_peak_2563_lociStitched	chr11	115945383	115955078	2	389	11349.9365	1207.997	93	1
4_Myf6_5d.nodup_peak_7700_lociStitched	chr2	160603194	160621484	4	1248	12342.092	2200.287	94	1
3_Myf6_5d.nodup_peak_517_lociStitched	chr1	92699075	92708781	3	568	11416.1972	1339.428	95	1
5_Myf6_5d.nodup_peak_11632_lociStitched	chr7	110287753	110301114	5	782	11264.6591	1274.6394	96	1
4_Myf6_5d.nodup_peak_10946_lociStitched	chr6	120981523	120991257	4	807	11433.5564	1450.366	97	1
5_Myf6_5d.nodup_peak_9417_lociStitched	chr4	148900039	148915185	5	1223	11183.8064	1407.0634	98	1
2_Myf6_5d.nodup_peak_9631_lociStitched	chr5	31602408	31610571	2	422	10873.9323	1098.7398	99	1
7_Myf6_5d.nodup_peak_9482_lociStitched	chr4	155120641	155149087	7	1259	12854.7474	3097.7694	100	1
3_Myf6_5d.nodup_peak_10667_lociStitched	chr6	84232090	84243739	3	742	11199.3486	1445.6409	101	1
3_Myf6_5d.nodup_peak_3051_lociStitched	chr12	86036300	86050140	3	885	11251.92	1604.056	102	1
5_Myf6_5d.nodup_peak_8006_lociStitched	chr3	41181049	41194680	5	926	11166.5152	1611.1842	103	1
5_Myf6_5d.nodup_peak_6176_lociStitched	chr18	61805302	61833819	5	1074	12319.344	2777.5558	104	1
5_Myf6_5d.nodup_peak_6443_lociStitched	chr19	10691568	10721218	5	730	12684.27	3184.41	105	1
4_Myf6_5d.nodup_peak_3254_lociStitched	chr13	9319823	9350977	4	805	13137.6418	3638.7872	106	1
5_Myf6_5d.nodup_peak_308_lociStitched	chr1	66940149	66965124	5	988	11948.04	2567.43	107	1
3_Myf6_5d.nodup_peak_7519_lociStitched	chr2	130488778	130497248	3	687	10667.118	1334.025	108	1
3_Myf6_5d.nodup_peak_6000_lociStitched	chr18	35362601	35383750	3	803	11488.1368	2169.8874	109	1
3_Myf6_5d.nodup_peak_9188_lociStitched	chr4	126259188	126269576	3	706	10577.0616	1264.2196	110	1
5_Myf6_5d.nodup_peak_8215_lociStitched	chr3	89578868	89601276	5	1322	12015.1696	2727.0536	111	1
4_Myf6_5d.nodup_peak_7538_lociStitched	chr2	132278521	132293930	4	682	10958.8808	1676.4992	112	1
2_Myf6_5d.nodup_peak_8248_lociStitched	chr3	95989075	96000561	2	405	10580.9032	1304.8096	113	1
3_Myf6_5d.nodup_peak_218_lociStitched	chr1	53845986	53867141	3	716	11927.189	2657.068	114	1
4_Myf6_5d.nodup_peak_7398_lociStitched	chr2	114130806	114144163	4	749	10807.1487	1557.4262	115	1
4_Myf6_5d.nodup_peak_3423_lociStitched	chr13	37908669	37926718	4	741	11535.1159	2304.8573	116	1
3_Myf6_5d.nodup_peak_2134_lociStitched	chr11	69357823	69372283	3	652	10657.02	1460.46	117	1
2_Myf6_5d.nodup_peak_6968_lociStitched	chr2	32167969	32174570	2	661	10009.7564	825.7851	118	1
2_Myf6_5d.nodup_peak_9470_lociStitched	chr4	152072225	152080216	2	403	9816.1444	818.2784	119	1
2_Myf6_5d.nodup_peak_6605_lociStitched	chr19	40429241	40437864	2	363	10327.7671	1346.0503	120	1
4_Myf6_5d.nodup_peak_13081_lociStitched	chr9	70201840	70223430	4	1041	10956.925	1986.28	121	1
3_Myf6_5d.nodup_peak_4613_lociStitched	chr15	83571766	83583204	3	666	10724.2688	1795.766	122	1
4_Myf6_5d.nodup_peak_370_lociStitched	chr1	75549243	75561935	4	743	10200.5604	1279.3536	123	1
3_Myf6_5d.nodup_peak_5950_lociStitched	chr18	20802001	20812417	3	507	10249.344	1403.0352	124	1
3_Myf6_5d.nodup_peak_10960_lociStitched	chr6	125149133	125157437	3	1044	9775.4688	935.0304	125	1
5_Myf6_5d.nodup_peak_570_lociStitched	chr1	120025056	120055336	5	1164	12036.3	3224.82	126	1
4_Myf6_5d.nodup_peak_6963_lociStitched	chr2	32051863	32065235	4	1123	10170.7432	1363.944	127	1
3_Myf6_5d.nodup_peak_59_lociStitched	chr1	20655126	20670047	3	776	10183.5825	1399.5898	128	1
3_Myf6_5d.nodup_peak_8743_lociStitched	chr4	45459438	45473490	3	648	10523.5428	1757.9052	129	1
2_Myf6_5d.nodup_peak_7839_lociStitched	chr2	173257678	173265087	2	526	9888.7923	1129.8725	130	1
3_Myf6_5d.nodup_peak_10554_lociStitched	chr6	54253802	54264804	3	521	10061.329	1302.6368	131	1
3_Myf6_5d.nodup_peak_3265_lociStitched	chr13	12357771	12377052	3	713	10889.9088	2134.4067	132	1
3_Myf6_5d.nodup_peak_10951_lociStitched	chr6	121037225	121051703	3	608	10437.1902	1702.6128	133	1
2_Myf6_5d.nodup_peak_4529_lociStitched	chr15	78504072	78511051	2	449	9905.2947	1227.6061	134	1
4_Myf6_5d.nodup_peak_10643_lociStitched	chr6	72976959	72993589	4	868	10530.116	1852.582	135	1
5_Myf6_5d.nodup_peak_6616_lociStitched	chr19	41606147	41619906	5	1270	10350.8957	1678.598	136	1
5_Myf6_5d.nodup_peak_9300_lociStitched	chr4	136165071	136180815	5	1222	10298.1504	1640.5248	137	1
3_Myf6_5d.nodup_peak_10271_lociStitched	chr5	139208274	139224824	3	1120	10689.645	2096.885	138	1
2_Myf6_5d.nodup_peak_6523_lociStitched	chr19	25426491	25433500	2	433	9395.5645	884.5358	139	1
4_Myf6_5d.nodup_peak_8196_lociStitched	chr3	87978409	87984406	4	943	9205.9947	701.0493	140	1
2_Myf6_5d.nodup_peak_2303_lociStitched	chr11	88105609	88117575	2	296	9870.7534	1444.2962	141	1
3_Myf6_5d.nodup_peak_3560_lociStitched	chr13	55169113	55174680	3	806	9117.0759	720.9265	142	1
5_Myf6_5d.nodup_peak_10905_lociStitched	chr6	116385279	116408286	5	864	10127.6814	1750.8327	143	1
3_Myf6_5d.nodup_peak_513_lociStitched	chr1	92676449	92683433	3	580	9368.3376	1002.204	144	1
3_Myf6_5d.nodup_peak_11183_lociStitched	chr7	28557134	28570510	3	668	9435.4304	1107.5328	145	1
2_Myf6_5d.nodup_peak_4517_lociStitched	chr15	77788372	77798452	2	396	10124.352	1809.36	146	1
5_Myf6_5d.nodup_peak_2122_lociStitched	chr11	68033949	68049603	5	804	10400.5176	2091.3744	147	1
3_Myf6_5d.nodup_peak_1220_lociStitched	chr10	39308674	39321576	3	669	10342.2432	2037.2258	148	1
3_Myf6_5d.nodup_peak_2682_lociStitched	chr12	3316150	3329970	3	492	10282.08	1998.372	149	1
3_Myf6_5d.nodup_peak_2171_lociStitched	chr11	74438371	74448232	3	501	9682.5159	1449.567	150	1
3_Myf6_5d.nodup_peak_12871_lociStitched	chr9	49912385	49926143	3	648	9783.3138	1572.5394	151	1
11_Myf6_5d.nodup_peak_12550_lociStitched	chr8	122636123	122672218	11	2774	12250.643	4100.392	152	1
3_Myf6_5d.nodup_peak_13046_lociStitched	chr9	66267537	66277410	3	503	9160.1694	1024.8174	153	1
3_Myf6_5d.nodup_peak_10927_lociStitched	chr6	120170112	120184111	3	801	9767.1023	1706.4781	154	1
3_Myf6_5d.nodup_peak_13334_lociStitched	chr9	116368985	116383680	3	430	9778.053	1728.132	155	1
3_Myf6_5d.nodup_peak_12578_lociStitched	chr8	123877966	123884990	3	660	8856.5616	843.5824	156	1
3_Myf6_5d.nodup_peak_3760_lociStitched	chr13	99071465	99084060	3	951	9480.2565	1588.2295	157	1
2_Myf6_5d.nodup_peak_162_lociStitched	chr1	39449318	39458215	2	539	8897.8897	1036.5005	158	1
4_Myf6_5d.nodup_peak_2601_lociStitched	chr11	117923357	117936498	4	601	9189.5013	1365.3499	159	1
3_Myf6_5d.nodup_peak_2926_lociStitched	chr12	73402941	73412759	3	582	9052.196	1248.8496	160	1
2_Myf6_5d.nodup_peak_5368_lociStitched	chr17	10378514	10391153	2	378	9567.723	1775.7795	161	1
2_Myf6_5d.nodup_peak_12335_lociStitched	chr8	95376286	95386305	2	496	9244.5313	1456.7626	162	1
3_Myf6_5d.nodup_peak_9323_lociStitched	chr4	137476941	137487908	3	513	8775.7934	988.1267	163	1
3_Myf6_5d.nodup_peak_8787_lociStitched	chr4	53755940	53761354	3	682	8694.884	927.4182	164	1
4_Myf6_5d.nodup_peak_6957_lociStitched	chr2	31952873	31963257	4	966	8984.2368	1272.04	165	1
2_Myf6_5d.nodup_peak_6847_lociStitched	chr2	25533785	25542269	2	363	8741.9136	1035.048	166	1
3_Myf6_5d.nodup_peak_9175_lociStitched	chr4	124686359	124703774	3	602	9416.2905	1778.0715	167	1
3_Myf6_5d.nodup_peak_11479_lociStitched	chr7	84015173	84029593	3	881	9042.782	1429.022	168	1
2_Myf6_5d.nodup_peak_12201_lociStitched	chr8	75038499	75046578	2	452	8759.2518	1161.7602	169	1
2_Myf6_5d.nodup_peak_6473_lociStitched	chr19	16950169	16959890	2	387	8816.947	1222.9018	170	1
3_Myf6_5d.nodup_peak_3623_lociStitched	chr13	63108736	63112803	3	720	8055.5069	524.2363	171	1
3_Myf6_5d.nodup_peak_6183_lociStitched	chr18	62036567	62050239	3	571	9141.0992	1651.5776	172	1
3_Myf6_5d.nodup_peak_9059_lociStitched	chr4	109433691	109440152	3	751	8386.378	920.6925	173	1
3_Myf6_5d.nodup_peak_6022_lociStitched	chr18	37842846	37850000	3	572	8177.7374	728.9926	174	1
4_Myf6_5d.nodup_peak_9134_lociStitched	chr4	120270597	120283045	4	1076	9047.2064	1634.4224	175	1
4_Myf6_5d.nodup_peak_6951_lociStitched	chr2	31256101	31263314	4	739	8362.0309	952.116	176	1
3_Myf6_5d.nodup_peak_5641_lociStitched	chr17	47511336	47522161	3	615	8602.6275	1216.73	177	1
3_Myf6_5d.nodup_peak_1922_lociStitched	chr11	32539152	32550498	3	663	8609.3448	1240.1178	178	1
5_Myf6_5d.nodup_peak_9358_lociStitched	chr4	140610840	140628797	5	778	9030.5753	1666.4096	179	1
2_Myf6_5d.nodup_peak_1026_lociStitched	chr1	192799362	192807053	2	351	8320.1238	997.5227	180	1
5_Myf6_5d.nodup_peak_11420_lociStitched	chr7	74391479	74415526	5	848	9582.7295	2296.4885	181	1
3_Myf6_5d.nodup_peak_8110_lociStitched	chr3	65469268	65480940	3	591	8697.9744	1421.6496	182	1
2_Myf6_5d.nodup_peak_1627_lociStitched	chr10	95465701	95472325	2	402	8287.9488	1020.096	183	1
2_Myf6_5d.nodup_peak_13041_lociStitched	chr9	66205789	66218273	2	381	8356.7896	1104.834	184	1
3_Myf6_5d.nodup_peak_9015_lociStitched	chr4	105273157	105291105	3	514	9334.7548	2159.1444	185	1
3_Myf6_5d.nodup_peak_9168_lociStitched	chr4	123617849	123625835	3	584	8103.3942	1049.3604	186	1
3_Myf6_5d.nodup_peak_6663_lociStitched	chr19	46927081	46944650	3	457	9041.0074	2001.1091	187	1
4_Myf6_5d.nodup_peak_7865_lociStitched	chr2	180198802	180217805	4	922	9047.3283	2037.1216	188	1
2_Myf6_5d.nodup_peak_4578_lociStitched	chr15	81120292	81128534	2	273	8557.6686	1565.1558	189	1
2_Myf6_5d.nodup_peak_2672_lociStitched	chr11	121407450	121416319	2	367	8009.5939	1046.542	190	1
2_Myf6_5d.nodup_peak_12156_lociStitched	chr8	69936198	69939913	2	393	7395.079	445.8	191	1
2_Myf6_5d.nodup_peak_3906_lociStitched	chr14	22643619	22651533	2	492	7864.9332	918.024	192	1
4_Myf6_5d.nodup_peak_2919_lociStitched	chr12	73197388	73210727	4	751	8508.9481	1610.0173	193	1
3_Myf6_5d.nodup_peak_1326_lociStitched	chr10	59623588	59634965	3	583	8703.405	1812.3561	194	1
2_Myf6_5d.nodup_peak_2247_lociStitched	chr11	79718936	79730786	2	541	8235.75	1352.085	195	1
3_Myf6_5d.nodup_peak_12147_lociStitched	chr8	69132243	69135722	3	474	7362.6077	498.1928	196	1
2_Myf6_5d.nodup_peak_2320_lociStitched	chr11	88599640	88605591	2	559	7523.8493	687.3405	197	1
2_Myf6_5d.nodup_peak_4514_lociStitched	chr15	77156650	77163842	2	824	7985.9968	1159.3504	198	1
2_Myf6_5d.nodup_peak_5363_lociStitched	chr17	10025159	10038151	2	711	8340.864	1529.1584	199	1
3_Myf6_5d.nodup_peak_12311_lociStitched	chr8	94572093	94584647	3	677	8791.5662	2004.8738	200	1
2_Myf6_5d.nodup_peak_1243_lociStitched	chr10	41544573	41553285	2	720	8092.5768	1308.5424	201	1
2_Myf6_5d.nodup_peak_4967_lociStitched	chr16	30172931	30185219	2	444	8363.2128	1593.7536	202	1
2_Myf6_5d.nodup_peak_6913_lociStitched	chr2	29624953	29633328	2	373	7941.175	1192.6	203	1
2_Myf6_5d.nodup_peak_12494_lociStitched	chr8	119428923	119440294	2	518	8058.6277	1311.0763	204	1
2_Myf6_5d.nodup_peak_9994_lociStitched	chr5	108699291	108709320	2	390	7812.591	1090.1523	205	1
2_Myf6_5d.nodup_peak_8798_lociStitched	chr4	55169988	55182057	2	357	8253.9891	1552.0734	206	1
3_Myf6_5d.nodup_peak_12378_lociStitched	chr8	106043152	106051368	3	784	7704.1432	1003.9952	207	1
3_Myf6_5d.nodup_peak_961_lociStitched	chr1	184663504	184679754	3	548	8583.25	1883.375	208	1
3_Myf6_5d.nodup_peak_9292_lociStitched	chr4	135765913	135774828	3	618	7786.361	1092.0875	209	1
3_Myf6_5d.nodup_peak_5305_lociStitched	chr17	4494544	4501434	3	798	7437.066	764.79	210	1
4_Myf6_5d.nodup_peak_10657_lociStitched	chr6	82862522	82885836	4	574	8936.2562	2266.1208	211	1
2_Myf6_5d.nodup_peak_1349_lociStitched	chr10	61277951	61285503	2	490	7757.4144	1185.664	212	1
2_Myf6_5d.nodup_peak_1779_lociStitched	chr11	4292658	4297051	2	540	7258.9932	715.6197	213	1
2_Myf6_5d.nodup_peak_890_lociStitched	chr1	177640368	177646473	2	907	7258.2345	778.998	214	1
2_Myf6_5d.nodup_peak_8641_lociStitched	chr4	12000772	12009435	2	396	7680.6158	1232.7449	215	1
4_Myf6_5d.nodup_peak_10303_lociStitched	chr5	142412823	142434994	4	713	8965.9524	2527.494	216	1
2_Myf6_5d.nodup_peak_2841_lociStitched	chr12	52848056	52857617	2	370	7491.0435	1056.4905	217	1
4_Myf6_5d.nodup_peak_11639_lociStitched	chr7	110619067	110649464	4	664	8878.9637	2465.1967	218	1
2_Myf6_5d.nodup_peak_9642_lociStitched	chr5	32071497	32081032	2	361	7632.7675	1251.9455	219	1
4_Myf6_5d.nodup_peak_12988_lociStitched	chr9	61645707	61658283	4	853	7734.24	1365.7536	220	1
4_Myf6_5d.nodup_peak_4801_lociStitched	chr16	10351116	10366900	4	588	8303.9624	1938.2752	221	1
3_Myf6_5d.nodup_peak_9792_lociStitched	chr5	64196908	64207190	3	549	7718.6974	1354.1394	222	1
4_Myf6_5d.nodup_peak_13332_lociStitched	chr9	116136270	116150841	4	649	7741.5723	1398.816	223	1
2_Myf6_5d.nodup_peak_10799_lociStitched	chr6	97223314	97227388	2	436	6852.8754	519.0276	224	1
4_Myf6_5d.nodup_peak_4780_lociStitched	chr16	4896845	4905829	4	795	7295.008	1000.8176	225	1
2_Myf6_5d.nodup_peak_5207_lociStitched	chr16	87567586	87579778	2	547	7749.2352	1477.6704	226	1
2_Myf6_5d.nodup_peak_3262_lociStitched	chr13	12312151	12323363	2	437	7454.8588	1191.8356	227	1
2_Myf6_5d.nodup_peak_2628_lociStitched	chr11	119817023	119824482	2	443	7247.1644	989.0634	228	1
4_Myf6_5d.nodup_peak_9991_lociStitched	chr5	108442792	108452742	4	762	7266.485	1012.91	229	1
2_Myf6_5d.nodup_peak_4162_lociStitched	chr15	10928740	10940511	2	522	8169.074	1917.4959	230	1
2_Myf6_5d.nodup_peak_8749_lociStitched	chr4	45641343	45647788	2	376	7194.5535	962.2385	231	1
4_Myf6_5d.nodup_peak_9143_lociStitched	chr4	120702226	120719387	4	709	8263.0215	2035.2946	232	1
4_Myf6_5d.nodup_peak_5647_lociStitched	chr17	47748827	47769319	4	779	8307.4568	2086.0856	233	1
2_Myf6_5d.nodup_peak_251_lociStitched	chr1	59409725	59418382	2	460	7361.0471	1140.9926	234	1
4_Myf6_5d.nodup_peak_7080_lociStitched	chr2	52351133	52372893	4	913	8941.184	2728.704	235	1
4_Myf6_5d.nodup_peak_10756_lociStitched	chr6	91617803	91620656	4	797	6657.4755	447.921	236	1
2_Myf6_5d.nodup_peak_4060_lociStitched	chr14	74820295	74832070	2	464	7667.88	1458.9225	237	1
2_Myf6_5d.nodup_peak_4106_lociStitched	chr14	105369690	105377962	2	351	7343.0544	1140.7088	238	1
3_Myf6_5d.nodup_peak_6699_lociStitched	chr19	53730210	53739042	3	545	7355.2896	1161.408	239	1
2_Myf6_5d.nodup_peak_4364_lociStitched	chr15	58192569	58204385	2	272	7928.536	1780.6712	240	1
3_Myf6_5d.nodup_peak_8199_lociStitched	chr3	88145415	88150738	3	659	6837.9258	695.1838	241	1
3_Myf6_5d.nodup_peak_7319_lociStitched	chr2	93456132	93469443	3	1136	7747.002	1637.253	242	1
2_Myf6_5d.nodup_peak_4207_lociStitched	chr15	25956889	25966461	2	372	7380.9692	1328.5936	243	1
4_Myf6_5d.nodup_peak_1994_lociStitched	chr11	54116594	54126968	4	941	7333.3806	1287.4134	244	1
2_Myf6_5d.nodup_peak_11977_lociStitched	chr8	15060050	15066471	2	485	7036.1318	1016.4443	245	1
2_Myf6_5d.nodup_peak_176_lociStitched	chr1	40833516	40840819	2	426	7018.9133	1004.1625	246	1
4_Myf6_5d.nodup_peak_13011_lociStitched	chr9	63649945	63663398	4	669	7477.1774	1467.7223	247	1
2_Myf6_5d.nodup_peak_4396_lociStitched	chr15	59167954	59174224	2	353	6965.97	990.66	248	1
2_Myf6_5d.nodup_peak_6451_lociStitched	chr19	10878507	10888689	2	725	7061.217	1125.111	249	1
4_Myf6_5d.nodup_peak_4559_lociStitched	chr15	80158907	80165661	4	604	6990.39	1069.8336	250	1
2_Myf6_5d.nodup_peak_4461_lociStitched	chr15	73119461	73132221	2	837	7662.38	1757.052	251	1
2_Myf6_5d.nodup_peak_2434_lociStitched	chr11	102207918	102219005	2	328	7228.724	1326.0052	252	1
4_Myf6_5d.nodup_peak_5263_lociStitched	chr16	94348892	94361277	4	858	7045.8265	1160.4745	253	1
4_Myf6_5d.nodup_peak_6199_lociStitched	chr18	65083314	65101848	4	631	7734.2382	1881.201	254	1
4_Myf6_5d.nodup_peak_11648_lociStitched	chr7	110777585	110794946	4	713	7546.8267	1701.378	255	1
3_Myf6_5d.nodup_peak_2852_lociStitched	chr12	54252192	54264422	3	683	7254.836	1410.119	256	1
3_Myf6_5d.nodup_peak_3204_lociStitched	chr12	111846051	111853452	3	738	6902.9127	1065.744	257	1
3_Myf6_5d.nodup_peak_11625_lociStitched	chr7	109707502	109713721	3	545	6631.3197	799.1415	258	1
3_Myf6_5d.nodup_peak_2837_lociStitched	chr12	51703968	51709503	3	431	6614.325	785.4165	259	1
3_Myf6_5d.nodup_peak_11070_lociStitched	chr6	146950578	146960076	3	483	6890.799	1069.4748	260	1
4_Myf6_5d.nodup_peak_5126_lociStitched	chr16	52067763	52083763	4	592	7636.8	1824	261	1
4_Myf6_5d.nodup_peak_2238_lociStitched	chr11	79047478	79060031	4	873	7313.3778	1531.466	262	1
3_Myf6_5d.nodup_peak_11692_lociStitched	chr7	112776067	112790610	3	412	6907.925	1127.0825	263	1
2_Myf6_5d.nodup_peak_12250_lociStitched	chr8	84060802	84070928	2	354	7120.6032	1342.7076	264	1
4_Myf6_5d.nodup_peak_6171_lociStitched	chr18	61774485	61790439	4	830	7268.6424	1525.2024	265	1
2_Myf6_5d.nodup_peak_5978_lociStitched	chr18	32388026	32391427	2	381	6341.8447	608.4389	266	1
3_Myf6_5d.nodup_peak_4508_lociStitched	chr15	77008865	77015295	3	688	6794.581	1098.244	267	1
2_Myf6_5d.nodup_peak_5904_lociStitched	chr18	5929183	5941652	2	535	6844.2341	1148.3949	268	1
2_Myf6_5d.nodup_peak_3846_lociStitched	chr13	112770720	112780046	2	280	6763.2152	1069.6922	269	1
3_Myf6_5d.nodup_peak_4218_lociStitched	chr15	27937141	27953886	3	614	8581.8125	2906.932	270	1
2_Myf6_5d.nodup_peak_2408_lociStitched	chr11	99137496	99147560	2	367	6706.6496	1044.6432	271	1
4_Myf6_5d.nodup_peak_12128_lociStitched	chr8	61908413	61924813	4	1301	7716.2	2086.08	272	1
3_Myf6_5d.nodup_peak_926_lociStitched	chr1	181550092	181559877	3	529	6708.596	1085.1565	273	1
2_Myf6_5d.nodup_peak_9278_lociStitched	chr4	135036885	135047466	2	270	6955.9494	1340.6127	274	1
6_Myf6_5d.nodup_peak_10715_lociStitched	chr6	89345058	89350168	6	1179	6343.554	758.835	275	1
2_Myf6_5d.nodup_peak_9449_lociStitched	chr4	150003431	150012363	2	303	6525.7192	947.6852	276	1
3_Myf6_5d.nodup_peak_618_lociStitched	chr1	131427574	131436889	3	517	6629.4855	1077.7455	277	1
2_Myf6_5d.nodup_peak_2017_lociStitched	chr11	55005194	55015925	2	351	6857.109	1311.3282	278	1
3_Myf6_5d.nodup_peak_5001_lociStitched	chr16	31603174	31618171	3	511	7242.0513	1699.1601	279	1
3_Myf6_5d.nodup_peak_12265_lociStitched	chr8	85501187	85505100	3	731	6236.5394	721.1659	280	1
2_Myf6_5d.nodup_peak_4276_lociStitched	chr15	38471095	38478486	2	349	6490.7762	984.4812	281	1
4_Myf6_5d.nodup_peak_12878_lociStitched	chr9	50440722	50458021	4	938	7068.3714	1563.8296	282	1
3_Myf6_5d.nodup_peak_3174_lociStitched	chr12	104992959	105005750	3	700	7122.0288	1619.3406	283	1
3_Myf6_5d.nodup_peak_8738_lociStitched	chr4	45261468	45276066	3	863	7074.1908	1572.2046	284	1
3_Myf6_5d.nodup_peak_4220_lociStitched	chr15	28131677	28134460	3	521	6054.1382	566.0622	285	1
2_Myf6_5d.nodup_peak_4576_lociStitched	chr15	81062145	81067287	2	322	6484.062	1017.0876	286	1
2_Myf6_5d.nodup_peak_6074_lociStitched	chr18	47166325	47170369	2	602	6008.5752	545.94	287	1
6_Myf6_5d.nodup_peak_5527_lociStitched	chr17	29819108	29837643	6	1102	7412.1465	1955.4425	288	1
2_Myf6_5d.nodup_peak_3037_lociStitched	chr12	85541109	85545923	2	555	6198.025	747.6142	289	1
2_Myf6_5d.nodup_peak_13017_lociStitched	chr9	63726738	63737734	2	345	6494.2376	1056.7156	290	1
2_Myf6_5d.nodup_peak_4282_lociStitched	chr15	38709403	38714615	2	392	6205.4072	775.0244	291	1
3_Myf6_5d.nodup_peak_1403_lociStitched	chr10	69186011	69190907	3	470	6237.9936	828.4032	292	1
2_Myf6_5d.nodup_peak_13320_lociStitched	chr9	114019168	114022520	2	426	5823.7648	428.7208	293	1
2_Myf6_5d.nodup_peak_2211_lociStitched	chr11	76849887	76857328	2	283	6353.8699	980.7238	294	1
3_Myf6_5d.nodup_peak_6940_lociStitched	chr2	30447707	30464093	3	662	7065.6432	1697.5896	295	1
2_Myf6_5d.nodup_peak_5997_lociStitched	chr18	35294893	35300114	2	477	5882.5007	520.0116	296	1
4_Myf6_5d.nodup_peak_1888_lociStitched	chr11	30151311	30166735	4	806	7280.128	1941.8816	297	1
4_Myf6_5d.nodup_peak_8545_lociStitched	chr3	144638122	144643925	4	1023	6166.8481	835.632	298	1
3_Myf6_5d.nodup_peak_8502_lociStitched	chr3	135629105	135646863	3	487	7268.3494	1939.1736	299	1
3_Myf6_5d.nodup_peak_3450_lociStitched	chr13	43524068	43531587	3	733	6226.4839	917.318	300	1
3_Myf6_5d.nodup_peak_10732_lociStitched	chr6	89859917	89867527	3	564	6332.281	1031.155	301	1
2_Myf6_5d.nodup_peak_1554_lociStitched	chr10	84389893	84396200	2	364	6137.3417	836.9389	302	1
5_Myf6_5d.nodup_peak_6232_lociStitched	chr18	67967095	67986258	5	789	7036.6536	1740.0004	303	1
3_Myf6_5d.nodup_peak_464_lociStitched	chr1	90156684	90164579	3	684	6486.532	1195.303	304	1
4_Myf6_5d.nodup_peak_5399_lociStitched	chr17	12750678	12760130	4	1053	6426.4148	1169.2124	305	1
3_Myf6_5d.nodup_peak_12930_lociStitched	chr9	57600720	57610651	3	505	6316.116	1075.5273	306	1
4_Myf6_5d.nodup_peak_11997_lociStitched	chr8	25543292	25555032	4	758	6221.026	990.856	307	1
2_Myf6_5d.nodup_peak_1831_lociStitched	chr11	8680818	8691868	2	406	6571.435	1343.68	308	1
2_Myf6_5d.nodup_peak_8203_lociStitched	chr3	88496812	88500469	2	432	5727.5934	514.1742	309	1
4_Myf6_5d.nodup_peak_4976_lociStitched	chr16	30416506	30427248	4	655	6518.2456	1324.4886	310	1
3_Myf6_5d.nodup_peak_3337_lociStitched	chr13	30192134	30204038	3	558	6507.9168	1316.5824	311	1
2_Myf6_5d.nodup_peak_7860_lociStitched	chr2	180115448	180126500	2	314	6522.8904	1338.3972	312	1
4_Myf6_5d.nodup_peak_10986_lociStitched	chr6	128053063	128078793	4	853	7739.584	2562.708	313	1
4_Myf6_5d.nodup_peak_5653_lociStitched	chr17	48001290	48024401	4	556	7071.966	1897.4131	314	1
3_Myf6_5d.nodup_peak_5269_lociStitched	chr16	94533764	94537124	3	645	5613.216	448.56	315	1
3_Myf6_5d.nodup_peak_5989_lociStitched	chr18	34368666	34383086	3	751	6837.964	1687.14	316	1
2_Myf6_5d.nodup_peak_11623_lociStitched	chr7	109628935	109637672	2	577	6025.0352	885.0581	317	1
3_Myf6_5d.nodup_peak_1940_lociStitched	chr11	43919522	43933842	3	619	6958.088	1845.848	318	1
2_Myf6_5d.nodup_peak_3018_lociStitched	chr12	84187030	84198412	2	533	6298.7988	1193.9718	319	1
4_Myf6_5d.nodup_peak_3743_lociStitched	chr13	97365735	97390894	4	547	7972.8871	2870.6419	320	1
3_Myf6_5d.nodup_peak_1952_lociStitched	chr11	46119621	46134420	3	601	6949.6104	1848.3951	321	1
3_Myf6_5d.nodup_peak_7118_lociStitched	chr2	59769139	59783649	3	543	6665.894	1577.237	322	1
3_Myf6_5d.nodup_peak_12238_lociStitched	chr8	83576112	83585124	3	734	6343.5468	1260.7788	323	1
3_Myf6_5d.nodup_peak_11293_lociStitched	chr7	48870175	48878285	3	874	5724.849	649.611	324	1
2_Myf6_5d.nodup_peak_12337_lociStitched	chr8	95401208	95411873	2	418	6537.645	1486.701	325	1
6_Myf6_5d.nodup_peak_12513_lociStitched	chr8	120251484	120276216	6	1430	7553.1528	2510.298	326	1
5_Myf6_5d.nodup_peak_786_lociStitched	chr1	157002418	157008541	5	920	5896.449	863.9553	327	1
3_Myf6_5d.nodup_peak_7284_lociStitched	chr2	91291147	91299371	3	598	5945.952	919.4432	328	1
4_Myf6_5d.nodup_peak_6726_lociStitched	chr19	55747431	55774497	4	636	8225.3574	3228.9738	329	1
2_Myf6_5d.nodup_peak_4410_lociStitched	chr15	61157973	61161632	2	451	5699.9902	705.0893	330	1
2_Myf6_5d.nodup_peak_1772_lociStitched	chr11	3900472	3905009	2	340	5618.6208	634.7263	331	1
2_Myf6_5d.nodup_peak_10026_lociStitched	chr5	112260417	112271469	2	406	6275.3256	1294.1892	332	1
2_Myf6_5d.nodup_peak_12119_lociStitched	chr8	61185956	61194686	2	477	6053.382	1078.155	333	1
2_Myf6_5d.nodup_peak_2214_lociStitched	chr11	77442200	77447167	2	300	5736.885	762.9312	334	1
4_Myf6_5d.nodup_peak_9705_lociStitched	chr5	36373195	36378296	4	924	5633.5444	663.6401	335	1
4_Myf6_5d.nodup_peak_1790_lociStitched	chr11	5189340	5197421	4	774	5942.7674	974.5686	336	1
3_Myf6_5d.nodup_peak_3747_lociStitched	chr13	97764222	97789156	3	589	8031.2414	3064.3886	337	1
4_Myf6_5d.nodup_peak_1565_lociStitched	chr10	84998052	85011375	4	722	7135.7988	2176.9782	338	1
3_Myf6_5d.nodup_peak_10611_lociStitched	chr6	71753393	71757968	3	840	5460.72	516.975	339	1
2_Myf6_5d.nodup_peak_10084_lociStitched	chr5	118809579	118813110	2	574	5275.314	382.0542	340	1
2_Myf6_5d.nodup_peak_8281_lociStitched	chr3	99290345	99297435	2	383	5917.314	1035.14	341	1
2_Myf6_5d.nodup_peak_10221_lociStitched	chr5	134951677	134959602	2	542	5707.585	834.5025	342	1
3_Myf6_5d.nodup_peak_3627_lociStitched	chr13	63153171	63156534	3	473	5387.1897	514.539	343	1
3_Myf6_5d.nodup_peak_12819_lociStitched	chr9	44079065	44088494	3	433	5664.0003	822.2088	344	1
2_Myf6_5d.nodup_peak_9253_lociStitched	chr4	134307572	134319987	2	349	6031.207	1201.772	345	1
2_Myf6_5d.nodup_peak_11341_lociStitched	chr7	65452391	65463771	2	394	6047.332	1222.212	346	1
4_Myf6_5d.nodup_peak_5516_lociStitched	chr17	29331156	29341290	4	618	5915.2158	1093.4586	347	1
2_Myf6_5d.nodup_peak_1670_lociStitched	chr10	111547825	111559031	2	688	6138.6468	1326.7904	348	1
2_Myf6_5d.nodup_peak_1192_lociStitched	chr10	31596819	31604188	2	591	5889.3048	1085.4537	349	1
2_Myf6_5d.nodup_peak_3368_lociStitched	chr13	32929161	32934954	2	402	5643.5406	852.7296	350	1
2_Myf6_5d.nodup_peak_1332_lociStitched	chr10	59810217	59814083	2	475	5463.0446	695.1068	351	1
3_Myf6_5d.nodup_peak_13102_lociStitched	chr9	72208441	72220176	3	538	5930.869	1166.459	352	1
2_Myf6_5d.nodup_peak_9961_lociStitched	chr5	103778606	103790071	2	357	6019.125	1262.2965	353	1
2_Myf6_5d.nodup_peak_2454_lociStitched	chr11	103174458	103177522	2	359	5142.0048	401.384	354	1
3_Myf6_5d.nodup_peak_7385_lociStitched	chr2	112430520	112444090	3	498	5869.025	1135.809	355	1
2_Myf6_5d.nodup_peak_4548_lociStitched	chr15	79406637	79418996	2	440	6262.3053	1532.516	356	1
2_Myf6_5d.nodup_peak_10315_lociStitched	chr5	143553989	143562176	2	294	5678.5032	955.4229	357	1
3_Myf6_5d.nodup_peak_3167_lociStitched	chr12	104904154	104917618	3	572	6015.7152	1314.0864	358	1
2_Myf6_5d.nodup_peak_2290_lociStitched	chr11	86603743	86612225	2	300	5758.4298	1067.8838	359	1
2_Myf6_5d.nodup_peak_4284_lociStitched	chr15	38907386	38920000	2	254	6440.7084	1755.8688	360	1
2_Myf6_5d.nodup_peak_9649_lociStitched	chr5	33237695	33245987	2	407	5650.998	976.7976	361	1
2_Myf6_5d.nodup_peak_2001_lociStitched	chr11	54331858	54336508	2	506	5260.08	614.265	362	1
4_Myf6_5d.nodup_peak_11944_lociStitched	chr8	11749639	11771853	4	699	7277.3064	2632.359	363	1
2_Myf6_5d.nodup_peak_2588_lociStitched	chr11	117233874	117239915	2	571	5407.2991	780.4972	364	1
2_Myf6_5d.nodup_peak_5630_lociStitched	chr17	46266328	46270099	2	453	5229.6228	603.7371	365	1
4_Myf6_5d.nodup_peak_5964_lociStitched	chr18	24807100	24819649	4	905	6077.4807	1451.9193	366	1
2_Myf6_5d.nodup_peak_11109_lociStitched	chr7	16031149	16037264	2	465	5123.7585	513.66	367	1
3_Myf6_5d.nodup_peak_1512_lociStitched	chr10	80911540	80922229	3	803	6090.5922	1488.9777	368	1
3_Myf6_5d.nodup_peak_11972_lociStitched	chr8	14992160	15003452	3	531	5741.982	1152.9132	369	1
2_Myf6_5d.nodup_peak_2959_lociStitched	chr12	79856669	79865488	2	312	5618.5849	1030.9411	370	1
5_Myf6_5d.nodup_peak_7830_lociStitched	chr2	173025037	173029489	5	988	5221.3056	635.7456	371	1
2_Myf6_5d.nodup_peak_2190_lociStitched	chr11	75395665	75402499	2	327	5457.6324	878.8524	372	1
2_Myf6_5d.nodup_peak_4841_lociStitched	chr16	14377454	14381321	2	358	5169.7923	595.1313	373	1
2_Myf6_5d.nodup_peak_8745_lociStitched	chr4	45516036	45524922	2	443	5740.356	1170.2862	374	1
4_Myf6_5d.nodup_peak_5006_lociStitched	chr16	32520525	32527275	4	681	5323.725	756	375	1
2_Myf6_5d.nodup_peak_7019_lociStitched	chr2	35898754	35910995	2	572	6073.9842	1506.8671	376	1
3_Myf6_5d.nodup_peak_9913_lociStitched	chr5	96037954	96042816	3	643	5172.1956	606.2914	377	1
3_Myf6_5d.nodup_peak_4913_lociStitched	chr16	24073097	24077777	3	774	5215.392	650.52	378	1
3_Myf6_5d.nodup_peak_12805_lociStitched	chr9	41108499	41118395	3	490	5471.4984	953.9744	379	1
4_Myf6_5d.nodup_peak_1436_lociStitched	chr10	75098597	75117613	4	923	7245.096	2730.6976	380	1
3_Myf6_5d.nodup_peak_1692_lociStitched	chr10	118630054	118641335	3	708	5983.4424	1473.2986	381	1
2_Myf6_5d.nodup_peak_1513_lociStitched	chr10	80937769	80948085	2	316	5951.3004	1471.0616	382	1
2_Myf6_5d.nodup_peak_2545_lociStitched	chr11	114837155	114844429	2	428	5395.8532	925.2528	383	1
3_Myf6_5d.nodup_peak_3332_lociStitched	chr13	30036735	30045047	3	429	5576.5208	1108.8208	384	1
2_Myf6_5d.nodup_peak_6657_lociStitched	chr19	46518129	46524031	2	319	5115.8536	649.22	385	1
3_Myf6_5d.nodup_peak_1440_lociStitched	chr10	75303314	75314510	3	502	5852.1492	1391.6628	386	1
2_Myf6_5d.nodup_peak_1415_lociStitched	chr10	69914005	69917329	2	295	5095.692	637.2108	387	1
4_Myf6_5d.nodup_peak_450_lociStitched	chr1	89509864	89522175	4	842	6189.9708	1735.851	388	1
2_Myf6_5d.nodup_peak_5727_lociStitched	chr17	66365303	66374818	2	308	5599.5775	1167.4905	389	1
2_Myf6_5d.nodup_peak_2049_lociStitched	chr11	59636161	59640571	2	497	4966.101	549.486	390	1
2_Myf6_5d.nodup_peak_7394_lociStitched	chr2	113980642	113985250	2	690	4962.816	546.9696	391	1
2_Myf6_5d.nodup_peak_7658_lociStitched	chr2	155283874	155294130	2	377	5458.2432	1053.2912	392	1
3_Myf6_5d.nodup_peak_6376_lociStitched	chr19	5412033	5430687	3	517	6252.8208	1848.6114	393	1
2_Myf6_5d.nodup_peak_5265_lociStitched	chr16	94467888	94472758	2	282	5107.169	711.02	394	1
2_Myf6_5d.nodup_peak_10562_lociStitched	chr6	54771227	54780294	2	397	5430.2263	1053.5854	395	1
2_Myf6_5d.nodup_peak_3726_lociStitched	chr13	94185299	94190491	2	272	4941.2264	583.0616	396	1
3_Myf6_5d.nodup_peak_12974_lociStitched	chr9	59660486	59673682	3	489	5670.3212	1316.9608	397	1
3_Myf6_5d.nodup_peak_8304_lociStitched	chr3	101528303	101536847	3	666	5266.5216	922.752	398	1
3_Myf6_5d.nodup_peak_9440_lociStitched	chr4	149840880	149847678	3	766	5084.904	759.3366	399	1
3_Myf6_5d.nodup_peak_2620_lociStitched	chr11	119621373	119625728	3	549	5009.992	686.348	400	1
2_Myf6_5d.nodup_peak_3140_lociStitched	chr12	100980824	100983960	2	369	4811.8784	505.5232	401	1
3_Myf6_5d.nodup_peak_7944_lociStitched	chr3	27899376	27906953	3	530	5141.7522	843.3201	402	1
3_Myf6_5d.nodup_peak_1676_lociStitched	chr10	111929000	111949262	3	585	6682.4076	2405.0994	403	1
4_Myf6_5d.nodup_peak_13358_lociStitched	chr9	119478335	119484004	4	984	4856.0654	583.907	404	1
2_Myf6_5d.nodup_peak_6880_lociStitched	chr2	27436433	27446079	2	452	5401.76	1136.2988	405	1
2_Myf6_5d.nodup_peak_1497_lociStitched	chr10	80161578	80163032	2	529	4553.928	290.2184	406	1
2_Myf6_5d.nodup_peak_2209_lociStitched	chr11	76487122	76494141	2	473	5125.9757	875.2693	407	1
3_Myf6_5d.nodup_peak_7229_lociStitched	chr2	77110468	77114203	3	674	4793.1255	546.4305	408	1
2_Myf6_5d.nodup_peak_6696_lociStitched	chr19	53654295	53662512	2	474	5307.3603	1078.0704	409	1
2_Myf6_5d.nodup_peak_10763_lociStitched	chr6	91785060	91797006	2	366	5503.5222	1275.8328	410	1
2_Myf6_5d.nodup_peak_10312_lociStitched	chr5	143047741	143053417	2	273	4988.6364	764.5572	411	1
2_Myf6_5d.nodup_peak_11113_lociStitched	chr7	16357712	16365143	2	516	4995.8613	775.0533	412	1
3_Myf6_5d.nodup_peak_4425_lociStitched	chr15	64117532	64123221	3	546	5051.832	837.4208	413	1
2_Myf6_5d.nodup_peak_12530_lociStitched	chr8	121898084	121902075	2	514	4726.1422	515.2381	414	1
2_Myf6_5d.nodup_peak_9334_lociStitched	chr4	138063512	138068898	2	428	4829.6262	622.083	415	1
3_Myf6_5d.nodup_peak_10226_lociStitched	chr5	135513111	135522400	3	885	5228.7781	1029.2212	416	1
3_Myf6_5d.nodup_peak_12671_lociStitched	chr9	9194643	9210813	3	613	5816.349	1634.787	417	1
4_Myf6_5d.nodup_peak_4825_lociStitched	chr16	11612700	11629396	4	784	6369.524	2218.8984	418	1
2_Myf6_5d.nodup_peak_5551_lociStitched	chr17	31729109	31731312	2	744	4512.4049	375.3912	419	1
3_Myf6_5d.nodup_peak_3812_lociStitched	chr13	104499760	104510917	3	644	5267.2197	1135.7826	420	1
2_Myf6_5d.nodup_peak_4681_lociStitched	chr15	95797445	95802477	2	323	5000.8016	885.1288	421	1
3_Myf6_5d.nodup_peak_6434_lociStitched	chr19	9987369	9998043	3	495	5389.3026	1279.8126	422	1
2_Myf6_5d.nodup_peak_4685_lociStitched	chr15	95920198	95932620	2	497	5660.7054	1556.4766	423	1
3_Myf6_5d.nodup_peak_4868_lociStitched	chr16	18751367	18774235	3	744	6627.1464	2526.914	424	1
4_Myf6_5d.nodup_peak_10944_lociStitched	chr6	120955454	120964491	4	691	5147.4752	1051.0031	425	1
3_Myf6_5d.nodup_peak_9378_lociStitched	chr4	141738133	141751613	3	546	5099.484	1008.304	426	1
2_Myf6_5d.nodup_peak_6881_lociStitched	chr2	27459865	27471564	2	360	5338.2537	1258.8124	427	1
3_Myf6_5d.nodup_peak_8011_lociStitched	chr3	41574856	41589895	3	597	5847.1632	1779.1137	428	1
2_Myf6_5d.nodup_peak_12073_lociStitched	chr8	45872131	45878032	2	408	4717.8495	676.8447	429	1
2_Myf6_5d.nodup_peak_1827_lociStitched	chr11	8547739	8557342	2	271	5296.0545	1267.596	430	1
2_Myf6_5d.nodup_peak_9164_lociStitched	chr4	123588916	123594056	2	602	4628.57	617.828	431	1
2_Myf6_5d.nodup_peak_1038_lociStitched	chr1	193338459	193345292	2	319	4867.1459	860.958	432	1
2_Myf6_5d.nodup_peak_4232_lociStitched	chr15	31292945	31302433	2	332	5330.3584	1328.32	433	1
3_Myf6_5d.nodup_peak_4971_lociStitched	chr16	30397111	30400872	3	504	4457.1611	463.7313	434	1
3_Myf6_5d.nodup_peak_13433_lociStitched	chrX	7276654	7292466	3	666	5610.0976	1617.5676	435	1
3_Myf6_5d.nodup_peak_9742_lociStitched	chr5	43080274	43094747	3	724	5310.1437	1318.4903	436	1
4_Myf6_5d.nodup_peak_1893_lociStitched	chr11	30241181	30258182	4	827	6106.7592	2123.4249	437	1
2_Myf6_5d.nodup_peak_9592_lociStitched	chr5	24817181	24825666	2	361	4982.392	1004.624	438	1
3_Myf6_5d.nodup_peak_12022_lociStitched	chr8	31117508	31121601	3	536	4438.8585	489.5228	439	1
2_Myf6_5d.nodup_peak_4196_lociStitched	chr15	25637899	25641269	2	343	4581.178	634.908	440	1
3_Myf6_5d.nodup_peak_7183_lociStitched	chr2	71629544	71652652	3	520	6068.1608	2123.6252	441	1
3_Myf6_5d.nodup_peak_9875_lociStitched	chr5	81060078	81074159	3	617	5456.3875	1513.7075	442	1
2_Myf6_5d.nodup_peak_9161_lociStitched	chr4	123422903	123425876	2	375	4353.3639	416.8146	443	1
2_Myf6_5d.nodup_peak_12310_lociStitched	chr8	94550235	94553049	2	367	4325.9622	391.146	444	1
3_Myf6_5d.nodup_peak_10588_lociStitched	chr6	67014751	67019320	3	557	4467.5682	534.573	445	1
3_Myf6_5d.nodup_peak_215_lociStitched	chr1	53814135	53829396	3	626	5622.1524	1703.1276	446	1
2_Myf6_5d.nodup_peak_12715_lociStitched	chr9	22765683	22776858	2	399	4937.115	1023.63	447	1
2_Myf6_5d.nodup_peak_7853_lociStitched	chr2	179972952	179985000	2	274	5092.6896	1179.4992	448	1
2_Myf6_5d.nodup_peak_3221_lociStitched	chr12	112982060	112985283	2	411	4343.6371	433.4935	449	1
4_Myf6_5d.nodup_peak_7451_lociStitched	chr2	120535249	120552364	4	601	5582.913	1677.27	450	1
2_Myf6_5d.nodup_peak_1918_lociStitched	chr11	32370264	32380204	2	424	5165.818	1261.386	451	1
3_Myf6_5d.nodup_peak_2378_lociStitched	chr11	96837278	96840660	3	642	4383.072	484.3024	452	1
3_Myf6_5d.nodup_peak_853_lociStitched	chr1	172132360	172140462	3	598	4780.18	882.3078	453	1
3_Myf6_5d.nodup_peak_12953_lociStitched	chr9	58496907	58501289	3	461	4364.9102	471.5032	454	1
3_Myf6_5d.nodup_peak_11564_lociStitched	chr7	99291055	99306827	3	694	4895.6288	1006.2536	455	1
3_Myf6_5d.nodup_peak_3527_lociStitched	chr13	50958036	50961158	3	474	4235.9296	353.4104	456	1
2_Myf6_5d.nodup_peak_6161_lociStitched	chr18	61503815	61510420	2	529	4579.2465	698.809	457	1
5_Myf6_5d.nodup_peak_10072_lociStitched	chr5	116426774	116443860	5	1019	5411.1362	1541.1572	458	1
2_Myf6_5d.nodup_peak_4274_lociStitched	chr15	38451043	38453111	2	431	4168.4676	298.6192	459	1
2_Myf6_5d.nodup_peak_10593_lociStitched	chr6	67130657	67139003	2	815	4910.7864	1045.7538	460	1
2_Myf6_5d.nodup_peak_9171_lociStitched	chr4	123810621	123814271	2	414	4397.52	536.915	461	1
2_Myf6_5d.nodup_peak_5328_lociStitched	chr17	6102378	6113892	2	522	4963.6854	1107.6468	462	1
3_Myf6_5d.nodup_peak_1382_lociStitched	chr10	66921487	66942300	3	733	6506.1438	2670.3079	463	1
2_Myf6_5d.nodup_peak_10749_lociStitched	chr6	91483444	91487220	2	314	4316.3456	484.0832	464	1
3_Myf6_5d.nodup_peak_7007_lociStitched	chr2	35273735	35278026	3	539	4507.6955	676.6907	465	1
3_Myf6_5d.nodup_peak_1096_lociStitched	chr10	12821265	12824030	3	641	4297.916	470.603	466	1
3_Myf6_5d.nodup_peak_5863_lociStitched	chr17	86937828	86943469	3	553	4410.6979	592.305	467	1
2_Myf6_5d.nodup_peak_2708_lociStitched	chr12	8893196	8897442	2	382	4350.027	549.857	468	1
3_Myf6_5d.nodup_peak_8720_lociStitched	chr4	43399017	43402432	3	486	4214.4515	414.581	469	1
2_Myf6_5d.nodup_peak_7130_lociStitched	chr2	60710391	60713256	2	551	4253.0925	455.535	470	1
3_Myf6_5d.nodup_peak_11792_lociStitched	chr7	130628591	130645777	3	496	5427.3388	1668.7606	471	1
2_Myf6_5d.nodup_peak_11323_lociStitched	chr7	63905348	63912189	2	328	4405.604	659.4724	472	1
2_Myf6_5d.nodup_peak_9197_lociStitched	chr4	129011626	129020771	2	297	4764.545	1023.3255	473	1
2_Myf6_5d.nodup_peak_6296_lociStitched	chr18	77821831	77825498	2	428	4139.3096	404.1034	474	1
3_Myf6_5d.nodup_peak_3170_lociStitched	chr12	104969670	104979629	3	577	5139.8399	1408.2026	475	1
3_Myf6_5d.nodup_peak_2667_lociStitched	chr11	121085882	121091196	3	694	4266.0792	540.9652	476	1
3_Myf6_5d.nodup_peak_13192_lociStitched	chr9	94567851	94582702	3	500	5052.3102	1346.9857	477	1
2_Myf6_5d.nodup_peak_6672_lociStitched	chr19	47391014	47398653	2	402	4498.6071	794.456	478	1
2_Myf6_5d.nodup_peak_1640_lociStitched	chr10	98324743	98334040	2	312	4927.41	1225.3446	479	1
2_Myf6_5d.nodup_peak_608_lociStitched	chr1	131051289	131063236	2	603	5070.3068	1373.905	480	1
3_Myf6_5d.nodup_peak_3250_lociStitched	chr13	9121299	9134827	3	523	5215.044	1530.0168	481	1
4_Myf6_5d.nodup_peak_7776_lociStitched	chr2	167077317	167079947	4	799	4015.221	340.848	482	1
2_Myf6_5d.nodup_peak_11300_lociStitched	chr7	49334268	49343570	2	442	4453.7976	786.9492	483	1
2_Myf6_5d.nodup_peak_13447_lociStitched	chrX	12319162	12327753	2	367	4546.3572	884.873	484	1
2_Myf6_5d.nodup_peak_5866_lociStitched	chr17	86980994	86988918	2	447	4756.7772	1100.6436	485	1
3_Myf6_5d.nodup_peak_1398_lociStitched	chr10	68956690	68970819	3	564	5790.0642	2137.7177	486	1
2_Myf6_5d.nodup_peak_4005_lociStitched	chr14	57980239	57992041	2	357	4999.3272	1348.9686	487	1
4_Myf6_5d.nodup_peak_2977_lociStitched	chr12	81233045	81245327	4	784	5024.5662	1374.3558	488	1
3_Myf6_5d.nodup_peak_6246_lociStitched	chr18	68794251	68806630	3	756	4780.7698	1136.3922	489	1
2_Myf6_5d.nodup_peak_7662_lociStitched	chr2	155903323	155906148	2	395	3968.2775	329.96	490	1
2_Myf6_5d.nodup_peak_7228_lociStitched	chr2	77033715	77043219	2	486	4861.296	1226.9664	491	1
2_Myf6_5d.nodup_peak_12593_lociStitched	chr8	124658598	124669087	2	412	4664.4583	1033.1665	492	1
2_Myf6_5d.nodup_peak_8834_lociStitched	chr4	58269060	58280369	2	313	5093.5736	1471.3009	493	1
3_Myf6_5d.nodup_peak_5282_lociStitched	chr16	96088175	96092195	3	506	4164.318	542.298	494	1
3_Myf6_5d.nodup_peak_10586_lociStitched	chr6	66977417	66987933	3	671	4933.0556	1312.3968	495	1
2_Myf6_5d.nodup_peak_668_lociStitched	chr1	134302656	134307653	2	294	4321.9053	719.568	496	1
3_Myf6_5d.nodup_peak_10002_lociStitched	chr5	110607733	110611673	3	778	4148.032	546.084	497	1
2_Myf6_5d.nodup_peak_2974_lociStitched	chr12	80879262	80885539	2	517	4426.5404	827.3086	498	1
2_Myf6_5d.nodup_peak_10616_lociStitched	chr6	72109330	72112827	2	458	4101.6313	504.6171	499	1
2_Myf6_5d.nodup_peak_10835_lociStitched	chr6	101318688	101326659	2	293	4493.2527	901.5201	500	1
3_Myf6_5d.nodup_peak_2584_lociStitched	chr11	117119878	117127843	3	614	4606.956	1022.706	501	1
3_Myf6_5d.nodup_peak_4485_lociStitched	chr15	75827813	75834580	3	541	4681.4106	1101.6676	502	1
2_Myf6_5d.nodup_peak_2388_lociStitched	chr11	97401271	97411210	2	308	4810.476	1231.4421	503	1
3_Myf6_5d.nodup_peak_9699_lociStitched	chr5	36301258	36313668	3	650	4895.745	1321.665	504	1
3_Myf6_5d.nodup_peak_2371_lociStitched	chr11	95805670	95809633	3	469	4278.4548	715.7178	505	1
2_Myf6_5d.nodup_peak_11060_lociStitched	chr6	145872080	145880958	2	350	4588.1504	1026.2968	506	1
2_Myf6_5d.nodup_peak_8287_lociStitched	chr3	99811334	99815466	2	583	4133.6528	577.6536	507	1
3_Myf6_5d.nodup_peak_9248_lociStitched	chr4	134041891	134052933	3	657	4634.3274	1082.116	508	1
2_Myf6_5d.nodup_peak_6987_lociStitched	chr2	33189405	33194936	2	306	4124.4667	596.2418	509	1
2_Myf6_5d.nodup_peak_6771_lociStitched	chr2	4531765	4542122	2	437	4727.9705	1204.5191	510	1
2_Myf6_5d.nodup_peak_2439_lociStitched	chr11	102433090	102443941	2	429	4511.8458	999.3771	511	1
2_Myf6_5d.nodup_peak_7063_lociStitched	chr2	49742133	49750253	2	294	4441.64	932.176	512	1
2_Myf6_5d.nodup_peak_2632_lociStitched	chr11	119879640	119891738	2	455	4991.6348	1486.8442	513	1
3_Myf6_5d.nodup_peak_6409_lociStitched	chr19	7148093	7155591	3	856	4372.8336	869.768	514	1
3_Myf6_5d.nodup_peak_6240_lociStitched	chr18	68219335	68235308	3	577	4841.4163	1338.5374	515	1
4_Myf6_5d.nodup_peak_5228_lociStitched	chr16	92555156	92582536	4	672	6324.78	2831.092	516	1
2_Myf6_5d.nodup_peak_10247_lociStitched	chr5	136522890	136532308	2	433	4634.5978	1141.4616	517	1
2_Myf6_5d.nodup_peak_9313_lociStitched	chr4	136800189	136812833	2	362	4664.3716	1172.0988	518	1
4_Myf6_5d.nodup_peak_10020_lociStitched	chr5	111880298	111891044	4	876	5002.263	1511.9622	519	1
3_Myf6_5d.nodup_peak_11460_lociStitched	chr7	81063449	81074798	3	510	4609.9638	1121.2812	520	1
4_Myf6_5d.nodup_peak_10820_lociStitched	chr6	100183452	100194007	4	638	4612.535	1130.4405	521	1
2_Myf6_5d.nodup_peak_10654_lociStitched	chr6	82747171	82754344	2	343	4394.8971	913.1229	522	1
2_Myf6_5d.nodup_peak_167_lociStitched	chr1	39746533	39754893	2	254	4397.36	926.288	523	1
2_Myf6_5d.nodup_peak_4817_lociStitched	chr16	11461747	11469154	2	303	4328.6508	858.4713	524	1
2_Myf6_5d.nodup_peak_1104_lociStitched	chr10	13990912	14000630	2	488	4732.666	1272.0862	525	1
3_Myf6_5d.nodup_peak_6767_lociStitched	chr2	4414052	4428770	3	482	5123.3358	1664.6058	526	1
2_Myf6_5d.nodup_peak_1637_lociStitched	chr10	96822393	96832118	2	324	4560.0525	1103.7875	527	1
3_Myf6_5d.nodup_peak_10264_lociStitched	chr5	139076311	139093833	3	776	5272.3698	1820.5358	528	1
3_Myf6_5d.nodup_peak_4151_lociStitched	chr15	7921203	7934406	3	555	5298.3639	1861.623	529	1
2_Myf6_5d.nodup_peak_809_lociStitched	chr1	163221859	163226660	2	280	4007.8748	577.0802	530	1
3_Myf6_5d.nodup_peak_2008_lociStitched	chr11	54718769	54727418	3	564	4407.5304	985.986	531	1
3_Myf6_5d.nodup_peak_10124_lociStitched	chr5	122997967	123009402	3	482	4735.2335	1318.4555	532	1
2_Myf6_5d.nodup_peak_11936_lociStitched	chr8	11372214	11382724	2	512	4874.538	1469.298	533	1
2_Myf6_5d.nodup_peak_6861_lociStitched	chr2	26531958	26534930	2	317	4135.538	735.57	534	1
2_Myf6_5d.nodup_peak_6177_lociStitched	chr18	61849979	61852331	2	480	3793.3056	398.1936	535	1
2_Myf6_5d.nodup_peak_3781_lociStitched	chr13	99805411	99818094	2	297	4563.3434	1182.0556	536	1
2_Myf6_5d.nodup_peak_5613_lociStitched	chr17	45580908	45585579	2	389	3969.8829	605.3616	537	1
2_Myf6_5d.nodup_peak_13279_lociStitched	chr9	108274604	108280378	2	577	3930.3618	566.4294	538	1
3_Myf6_5d.nodup_peak_11801_lociStitched	chr7	132247610	132260963	3	642	4572.0672	1208.4465	539	1
2_Myf6_5d.nodup_peak_506_lociStitched	chr1	92116321	92127660	2	339	4554.8763	1211.0052	540	1
3_Myf6_5d.nodup_peak_11338_lociStitched	chr7	65394239	65411057	3	510	4772.9484	1431.2118	541	1
3_Myf6_5d.nodup_peak_2072_lociStitched	chr11	61033252	61042905	3	663	4464.5125	1127.4704	542	1
2_Myf6_5d.nodup_peak_6917_lociStitched	chr2	29671428	29676159	2	470	4135.3671	799.539	543	1
4_Myf6_5d.nodup_peak_11208_lociStitched	chr7	30008096	30010015	4	897	3602.5387	267.5086	544	1
2_Myf6_5d.nodup_peak_3366_lociStitched	chr13	32807656	32819601	2	546	4681.2455	1356.952	545	1
3_Myf6_5d.nodup_peak_2892_lociStitched	chr12	69968351	69977745	3	527	4355.0584	1031.4612	546	1
3_Myf6_5d.nodup_peak_5893_lociStitched	chr18	5380797	5388790	3	687	4169.9481	867.2405	547	1
3_Myf6_5d.nodup_peak_1474_lociStitched	chr10	78218967	78232645	3	588	5030.7684	1728.8992	548	1
2_Myf6_5d.nodup_peak_7683_lociStitched	chr2	156970363	156983075	2	399	4807.6784	1507.6432	549	1
2_Myf6_5d.nodup_peak_58_lociStitched	chr1	20624552	20633912	2	869	4313.088	1023.048	550	1
2_Myf6_5d.nodup_peak_10234_lociStitched	chr5	136092018	136102396	2	358	4184.4096	895.6214	551	1
2_Myf6_5d.nodup_peak_6705_lociStitched	chr19	53861446	53869688	2	260	4379.7988	1107.7248	552	1
2_Myf6_5d.nodup_peak_7014_lociStitched	chr2	35490815	35498846	2	272	4237.9587	969.3417	553	1
2_Myf6_5d.nodup_peak_1785_lociStitched	chr11	5000330	5009923	2	333	4225.7165	958.3407	554	1
2_Myf6_5d.nodup_peak_10041_lociStitched	chr5	113872052	113873861	2	256	3545.8209	280.0332	555	1
2_Myf6_5d.nodup_peak_350_lociStitched	chr1	74294143	74295955	2	402	3544.4532	281.9472	556	1
3_Myf6_5d.nodup_peak_4919_lociStitched	chr16	24174676	24177930	3	662	3753.8144	492.6556	557	1
2_Myf6_5d.nodup_peak_5257_lociStitched	chr16	93808307	93819537	2	303	4513.337	1258.883	558	1
2_Myf6_5d.nodup_peak_7772_lociStitched	chr2	166875646	166888132	2	430	4383.8346	1137.4746	559	1
2_Myf6_5d.nodup_peak_3133_lociStitched	chr12	100528386	100533538	2	370	3840.816	596.0864	560	1
2_Myf6_5d.nodup_peak_7395_lociStitched	chr2	114057498	114060460	2	416	3508.489	268.061	561	1
2_Myf6_5d.nodup_peak_13137_lociStitched	chr9	77616025	77620349	2	387	3677.1296	442.3452	562	1
2_Myf6_5d.nodup_peak_10684_lociStitched	chr6	86610796	86620314	2	455	4468.701	1235.4364	563	1
3_Myf6_5d.nodup_peak_1737_lociStitched	chr10	126941064	126957381	3	410	5170.8573	1938.4596	564	1
2_Myf6_5d.nodup_peak_920_lociStitched	chr1	180600727	180604829	2	271	3652.0106	431.9406	565	1
4_Myf6_5d.nodup_peak_5418_lociStitched	chr17	15195034	15214372	4	1124	5457.1836	2245.1418	566	1
4_Myf6_5d.nodup_peak_3362_lociStitched	chr13	32764510	32776900	4	754	4469.073	1277.409	567	1
2_Myf6_5d.nodup_peak_1106_lociStitched	chr10	14036588	14041937	2	482	3857.1639	667.0203	568	1
2_Myf6_5d.nodup_peak_12371_lociStitched	chr8	105527119	105537437	2	387	4361.4186	1173.1566	569	1
2_Myf6_5d.nodup_peak_5835_lociStitched	chr17	83210677	83221474	2	336	4130.9322	945.8172	570	1
3_Myf6_5d.nodup_peak_5395_lociStitched	chr17	12266431	12276223	3	647	4260.4992	1080.0576	571	1
2_Myf6_5d.nodup_peak_2307_lociStitched	chr11	88231305	88234150	2	468	3514.9975	341.1155	572	1
2_Myf6_5d.nodup_peak_1359_lociStitched	chr10	61965223	61969159	2	316	3641.9808	469.5648	573	1
5_Myf6_5d.nodup_peak_7031_lociStitched	chr2	38040998	38083735	5	1058	7094.342	3927.5303	574	1
2_Myf6_5d.nodup_peak_6580_lociStitched	chr19	36167630	36179273	2	275	4423.1757	1258.6083	575	1
3_Myf6_5d.nodup_peak_11644_lociStitched	chr7	110750999	110754216	3	496	3493.3403	329.0991	576	1
3_Myf6_5d.nodup_peak_11195_lociStitched	chr7	28969647	28972166	3	794	3459.8465	296.4863	577	1
2_Myf6_5d.nodup_peak_2012_lociStitched	chr11	54882774	54888217	2	367	3872.1502	710.3115	578	1
2_Myf6_5d.nodup_peak_2950_lociStitched	chr12	79044695	79050118	2	585	3867.6836	718.5475	579	1
2_Myf6_5d.nodup_peak_10421_lociStitched	chr6	28820273	28828806	2	272	4145.3314	1000.9209	580	1
2_Myf6_5d.nodup_peak_13065_lociStitched	chr9	67211351	67218368	2	501	3966.7101	839.2332	581	1
4_Myf6_5d.nodup_peak_7990_lociStitched	chr3	38221553	38235200	4	962	4623.6036	1506.6288	582	1
3_Myf6_5d.nodup_peak_7783_lociStitched	chr2	167109611	167124199	3	691	4720.6768	1606.1388	583	1
2_Myf6_5d.nodup_peak_6158_lociStitched	chr18	61394811	61397231	2	416	3444.386	330.088	584	1
2_Myf6_5d.nodup_peak_9672_lociStitched	chr5	35166154	35169120	2	272	3525.9808	415.5366	585	1
2_Myf6_5d.nodup_peak_6356_lociStitched	chr19	4092829	4094604	2	294	3358.655	248.5	586	1
3_Myf6_5d.nodup_peak_6565_lociStitched	chr19	32326723	32341373	3	497	4794.945	1687.68	587	1
3_Myf6_5d.nodup_peak_1610_lociStitched	chr10	93800407	93803432	3	734	3425.51	324.885	588	1
2_Myf6_5d.nodup_peak_2911_lociStitched	chr12	71971075	71980462	2	366	4217.5791	1117.9917	589	1
2_Myf6_5d.nodup_peak_1919_lociStitched	chr11	32393204	32398847	2	549	3934.2996	840.2427	590	1
2_Myf6_5d.nodup_peak_188_lociStitched	chr1	43250337	43260206	2	356	4500.264	1407.3194	591	1
2_Myf6_5d.nodup_peak_4205_lociStitched	chr15	25915110	25916184	2	548	3362.5866	286.9728	592	1
2_Myf6_5d.nodup_peak_2712_lociStitched	chr12	9109843	9114016	2	460	3622.5813	562.5204	593	1
3_Myf6_5d.nodup_peak_8299_lociStitched	chr3	101494192	101497803	3	619	3639.888	583.1765	594	1
2_Myf6_5d.nodup_peak_2446_lociStitched	chr11	102628641	102637202	2	361	4018.5334	969.9613	595	1
2_Myf6_5d.nodup_peak_5957_lociStitched	chr18	23511847	23517191	2	326	3789.4304	746.5568	596	1
2_Myf6_5d.nodup_peak_509_lociStitched	chr1	92340763	92344077	2	459	3548.6312	506.0478	597	1
3_Myf6_5d.nodup_peak_2615_lociStitched	chr11	119496173	119503819	3	928	4050.8508	1013.095	598	1
2_Myf6_5d.nodup_peak_560_lociStitched	chr1	118479347	118483851	2	359	3551.404	514.8072	599	1
2_Myf6_5d.nodup_peak_2104_lociStitched	chr11	67105672	67107259	2	525	3280.9638	250.9047	600	1
3_Myf6_5d.nodup_peak_11141_lociStitched	chr7	19540882	19552754	3	407	3927.2576	898.7104	601	1
2_Myf6_5d.nodup_peak_5221_lociStitched	chr16	91841335	91848065	2	436	3790.336	766.547	602	1
2_Myf6_5d.nodup_peak_6593_lociStitched	chr19	37910030	37914645	2	386	3507.8615	489.6515	603	1
2_Myf6_5d.nodup_peak_3831_lociStitched	chr13	110907640	110913972	2	294	3874.5508	860.5188	604	1
3_Myf6_5d.nodup_peak_9089_lociStitched	chr4	117830129	117839515	3	488	4043.4888	1034.3372	605	1
2_Myf6_5d.nodup_peak_5973_lociStitched	chr18	32345390	32348662	2	436	3572.0424	573.9088	606	1
2_Myf6_5d.nodup_peak_12682_lociStitched	chr9	14590757	14597011	2	331	3586.0436	594.7554	607	1
2_Myf6_5d.nodup_peak_3721_lociStitched	chr13	93989353	93997099	2	366	3958.206	968.25	608	1
2_Myf6_5d.nodup_peak_11147_lociStitched	chr7	19777267	19790034	2	371	3798.1825	809.4278	609	1
2_Myf6_5d.nodup_peak_6697_lociStitched	chr19	53711029	53712936	2	615	3290.7192	304.7386	610	1
2_Myf6_5d.nodup_peak_7234_lociStitched	chr2	77174365	77177767	2	342	3297.2184	333.396	611	1
2_Myf6_5d.nodup_peak_12944_lociStitched	chr9	58272507	58275680	2	341	3438.5801	475.95	612	1
2_Myf6_5d.nodup_peak_2226_lociStitched	chr11	78156341	78162795	2	448	3884.0172	930.6668	613	1
2_Myf6_5d.nodup_peak_13414_lociStitched	chr9	123754440	123763170	2	362	3799.296	852.048	614	1
2_Myf6_5d.nodup_peak_4575_lociStitched	chr15	81031814	81038706	2	487	3944.2916	1005.5428	615	1
4_Myf6_5d.nodup_peak_617_lociStitched	chr1	131344632	131359815	4	586	4407.6249	1472.751	616	1
2_Myf6_5d.nodup_peak_7840_lociStitched	chr2	173286207	173290200	2	422	3394.05	462.3894	617	1
2_Myf6_5d.nodup_peak_637_lociStitched	chr1	132263876	132268237	2	299	3465.2506	539.8918	618	1
2_Myf6_5d.nodup_peak_8777_lociStitched	chr4	49584395	49587190	2	378	3316.547	394.3745	619	1
2_Myf6_5d.nodup_peak_3604_lociStitched	chr13	60007674	60012792	2	532	3612.2844	693.489	620	1
2_Myf6_5d.nodup_peak_4602_lociStitched	chr15	83265384	83273325	2	252	4098.3501	1180.8267	621	1
3_Myf6_5d.nodup_peak_6874_lociStitched	chr2	27096099	27109102	3	487	4409.3173	1507.0477	622	1
4_Myf6_5d.nodup_peak_1574_lociStitched	chr10	86313551	86322307	4	688	3986.6068	1089.2464	623	1
2_Myf6_5d.nodup_peak_8740_lociStitched	chr4	45436467	45445157	2	564	3993.924	1107.975	624	1
2_Myf6_5d.nodup_peak_5522_lociStitched	chr17	29409734	29416079	2	664	3666.141	780.435	625	1
3_Myf6_5d.nodup_peak_5588_lociStitched	chr17	37018355	37039611	3	510	4944.1456	2059.7064	626	1
3_Myf6_5d.nodup_peak_1411_lociStitched	chr10	69611441	69629071	3	595	4797.123	1912.855	627	1
2_Myf6_5d.nodup_peak_13247_lociStitched	chr9	103430490	103432571	2	543	3152.2988	270.53	628	1
3_Myf6_5d.nodup_peak_443_lociStitched	chr1	89114402	89120575	3	679	3712.4422	843.2318	629	1
2_Myf6_5d.nodup_peak_6015_lociStitched	chr18	36408846	36411836	2	386	3127.839	261.625	630	1
2_Myf6_5d.nodup_peak_10620_lociStitched	chr6	72144429	72154235	2	337	4122.4424	1259.0904	631	1
3_Myf6_5d.nodup_peak_1235_lociStitched	chr10	40069350	40080756	3	480	4532.7444	1670.979	632	1
2_Myf6_5d.nodup_peak_3219_lociStitched	chr12	112951214	112961659	2	383	4049.5265	1202.2195	633	1
2_Myf6_5d.nodup_peak_597_lociStitched	chr1	128782745	128787647	2	373	3338.7522	492.651	634	1
4_Myf6_5d.nodup_peak_12799_lociStitched	chr9	40458654	40469746	4	806	3786.8088	943.9292	635	1
3_Myf6_5d.nodup_peak_2196_lociStitched	chr11	75566922	75578971	3	509	4214.7402	1373.586	636	1
2_Myf6_5d.nodup_peak_5605_lociStitched	chr17	44647898	44654694	2	272	3714.6936	876.684	637	1
2_Myf6_5d.nodup_peak_5094_lociStitched	chr16	45796833	45799473	2	530	3181.992	346.896	638	1
2_Myf6_5d.nodup_peak_8129_lociStitched	chr3	68608913	68610210	2	395	3055.2132	238.5183	639	1
3_Myf6_5d.nodup_peak_11005_lociStitched	chr6	134040352	134050611	3	546	3856.3581	1043.3403	640	1
2_Myf6_5d.nodup_peak_2270_lociStitched	chr11	84077070	84080247	2	382	3200.8275	392.6772	641	1
2_Myf6_5d.nodup_peak_9790_lociStitched	chr5	63949189	63957892	2	402	3967.6977	1160.1099	642	1
3_Myf6_5d.nodup_peak_31_lociStitched	chr1	13224925	13240732	3	654	4652.0001	1844.6769	643	1
2_Myf6_5d.nodup_peak_9539_lociStitched	chr5	15966887	15972062	2	594	3456.9	650.4975	644	1
2_Myf6_5d.nodup_peak_5557_lociStitched	chr17	31888682	31893034	2	354	3330.5856	526.1568	645	1
3_Myf6_5d.nodup_peak_4067_lociStitched	chr14	75835086	75842032	3	467	3570.244	767.533	646	1
2_Myf6_5d.nodup_peak_11941_lociStitched	chr8	11689972	11692107	2	513	3126.2805	325.1605	647	1
3_Myf6_5d.nodup_peak_9671_lociStitched	chr5	35070938	35074231	3	691	3215.9438	427.4314	648	1
2_Myf6_5d.nodup_peak_2047_lociStitched	chr11	59412121	59422293	2	359	4274.2744	1500.37	649	1
2_Myf6_5d.nodup_peak_10213_lociStitched	chr5	134249184	134252148	2	317	3121.6848	365.4612	650	1
2_Myf6_5d.nodup_peak_3107_lociStitched	chr12	99341812	99354056	2	309	4143.3696	1390.9184	651	1
2_Myf6_5d.nodup_peak_6499_lociStitched	chr19	23520678	23532960	2	506	3935.1528	1188.8976	652	1
2_Myf6_5d.nodup_peak_3828_lociStitched	chr13	110534636	110542618	2	385	3590.3036	850.8812	653	1
2_Myf6_5d.nodup_peak_12468_lociStitched	chr8	117302175	117314839	2	363	3771.3392	1037.1816	654	1
3_Myf6_5d.nodup_peak_935_lociStitched	chr1	182052466	182055480	3	545	3022.4392	291.7552	655	1
2_Myf6_5d.nodup_peak_4467_lociStitched	chr15	73466732	73470373	2	289	3376.6634	647.0057	656	1
5_Myf6_5d.nodup_peak_3498_lociStitched	chr13	46858277	46873036	5	1018	4228.4535	1512.7975	657	1
2_Myf6_5d.nodup_peak_9345_lociStitched	chr4	139271645	139280822	2	508	3676.3062	967.2558	658	1
2_Myf6_5d.nodup_peak_4512_lociStitched	chr15	77029535	77031589	2	385	3201.9806	493.1654	659	1
3_Myf6_5d.nodup_peak_3045_lociStitched	chr12	85970065	85971885	3	485	3025.568	320.866	660	1
2_Myf6_5d.nodup_peak_5192_lociStitched	chr16	84783441	84791084	2	283	3437.0571	747.4854	661	1
2_Myf6_5d.nodup_peak_50_lociStitched	chr1	16996836	17001593	2	312	3393.6438	707.8416	662	1
2_Myf6_5d.nodup_peak_11351_lociStitched	chr7	66571910	66580895	2	387	3491.571	807.7515	663	1
3_Myf6_5d.nodup_peak_4086_lociStitched	chr14	78539876	78549040	3	449	3769.1532	1091.4324	664	1
2_Myf6_5d.nodup_peak_253_lociStitched	chr1	59431171	59434286	2	302	3081.0465	403.704	665	1
3_Myf6_5d.nodup_peak_5908_lociStitched	chr18	6280671	6281902	3	695	2868.23	193.5132	666	1
2_Myf6_5d.nodup_peak_2412_lociStitched	chr11	100388032	100390458	2	366	2945.4066	279.4752	667	1
3_Myf6_5d.nodup_peak_1642_lociStitched	chr10	98619279	98638498	3	504	4989.2524	2325.499	668	1
2_Myf6_5d.nodup_peak_3075_lociStitched	chr12	91068345	91070883	2	410	3007.53	344.1528	669	1
2_Myf6_5d.nodup_peak_7166_lociStitched	chr2	68871136	68874335	2	430	2995.2237	340.3736	670	1
3_Myf6_5d.nodup_peak_5822_lociStitched	chr17	81416824	81424880	3	519	3388.3536	737.124	671	1
2_Myf6_5d.nodup_peak_6201_lociStitched	chr18	65133118	65137991	2	390	3121.1565	479.5032	672	1
2_Myf6_5d.nodup_peak_1356_lociStitched	chr10	61747404	61759755	2	419	3962.2008	1331.4378	673	1
3_Myf6_5d.nodup_peak_11018_lociStitched	chr6	134753965	134774203	3	517	4411.884	1791.063	674	1
3_Myf6_5d.nodup_peak_4534_lociStitched	chr15	78832905	78836595	3	499	3138.345	523.611	675	1
3_Myf6_5d.nodup_peak_6952_lociStitched	chr2	31526729	31539033	3	453	3739.1856	1124.5856	676	1
2_Myf6_5d.nodup_peak_12070_lociStitched	chr8	45830249	45834239	2	546	3143.322	529.473	677	1
2_Myf6_5d.nodup_peak_4844_lociStitched	chr16	14444970	14457387	2	358	3826.9194	1214.3826	678	1
2_Myf6_5d.nodup_peak_7530_lociStitched	chr2	131696536	131706772	2	348	3778.1076	1173.0456	679	1
2_Myf6_5d.nodup_peak_4746_lociStitched	chr15	103089580	103094048	2	467	3369.3188	764.4748	680	1
2_Myf6_5d.nodup_peak_10115_lociStitched	chr5	122439449	122448141	2	494	3449.8548	846.6008	681	1
3_Myf6_5d.nodup_peak_9664_lociStitched	chr5	34977006	34989618	3	451	4143.042	1541.1864	682	1
2_Myf6_5d.nodup_peak_11592_lociStitched	chr7	101095633	101101421	2	542	3219.2856	632.6284	683	1
2_Myf6_5d.nodup_peak_7108_lociStitched	chr2	58708857	58711867	2	407	2988.629	408.156	684	1
3_Myf6_5d.nodup_peak_3772_lociStitched	chr13	99398388	99405649	3	596	3314.6465	737.7176	685	1
2_Myf6_5d.nodup_peak_12866_lociStitched	chr9	49654831	49663445	2	353	3562.7504	993.1942	686	1
2_Myf6_5d.nodup_peak_4994_lociStitched	chr16	31198434	31210341	2	373	3940.0263	1374.0678	687	1
2_Myf6_5d.nodup_peak_282_lociStitched	chr1	63190956	63199690	2	369	3523.2956	960.74	688	1
2_Myf6_5d.nodup_peak_11095_lociStitched	chr7	6152154	6159906	2	282	3251.964	692.2536	689	1
2_Myf6_5d.nodup_peak_7121_lociStitched	chr2	59826823	59829437	2	336	2830.4392	271.3332	690	1
2_Myf6_5d.nodup_peak_9638_lociStitched	chr5	31966842	31968553	2	367	2839.4045	284.026	691	1
2_Myf6_5d.nodup_peak_12173_lociStitched	chr8	71303572	71306296	2	351	2883.0816	327.9696	692	1
2_Myf6_5d.nodup_peak_432_lociStitched	chr1	87486589	87492485	2	330	3412.0152	870.2496	693	1
2_Myf6_5d.nodup_peak_2179_lociStitched	chr11	74867290	74871176	2	274	3038.0748	497.7966	694	1
2_Myf6_5d.nodup_peak_2481_lociStitched	chr11	105282589	105289962	2	344	3430.6569	890.6584	695	1
2_Myf6_5d.nodup_peak_2795_lociStitched	chr12	31965910	31973750	2	349	3430.784	892.192	696	1
2_Myf6_5d.nodup_peak_1053_lociStitched	chr10	3414926	3422634	2	399	3505.5984	968.8956	697	1
2_Myf6_5d.nodup_peak_6730_lociStitched	chr19	56367898	56374158	2	380	3488.072	957.78	698	1
3_Myf6_5d.nodup_peak_5141_lociStitched	chr16	57349192	57369859	3	781	4803.0108	2287.8369	699	1
3_Myf6_5d.nodup_peak_9766_lociStitched	chr5	53262122	53274235	3	879	3764.7204	1250.0616	700	1
2_Myf6_5d.nodup_peak_1915_lociStitched	chr11	32316253	32320978	2	519	3095.82	589.68	701	1
2_Myf6_5d.nodup_peak_2552_lociStitched	chr11	115510318	115517351	2	435	3431.4007	927.6527	702	1
5_Myf6_5d.nodup_peak_2643_lociStitched	chr11	120260094	120269823	5	909	3618.2151	1115.9163	703	1
2_Myf6_5d.nodup_peak_6126_lociStitched	chr18	57208704	57212539	2	540	2874.3325	373.529	704	1
2_Myf6_5d.nodup_peak_904_lociStitched	chr1	179586528	179592411	2	327	3150.3465	656.5428	705	1
4_Myf6_5d.nodup_peak_3570_lociStitched	chr13	55484685	55502698	4	686	3916.0262	1424.8283	706	1
2_Myf6_5d.nodup_peak_6143_lociStitched	chr18	60595286	60606402	2	397	3401.496	915.9584	707	1
2_Myf6_5d.nodup_peak_3531_lociStitched	chr13	51313569	51314808	2	430	2697.7986	212.8602	708	1
2_Myf6_5d.nodup_peak_609_lociStitched	chr1	131078797	131086213	2	452	3358.7064	875.8296	709	1
2_Myf6_5d.nodup_peak_11594_lociStitched	chr7	101460288	101465260	2	872	2935.4688	453.4464	710	1
2_Myf6_5d.nodup_peak_7939_lociStitched	chr3	27503723	27505888	2	353	2791.984	310.894	711	1
2_Myf6_5d.nodup_peak_11123_lociStitched	chr7	16947995	16955979	2	587	3058.6704	578.0416	712	1
2_Myf6_5d.nodup_peak_7888_lociStitched	chr3	7453364	7462405	2	364	3523.2777	1044.2355	713	1
2_Myf6_5d.nodup_peak_1072_lociStitched	chr10	7145686	7149936	2	376	3695.8	1225.275	714	1
2_Myf6_5d.nodup_peak_5623_lociStitched	chr17	45867411	45872448	2	302	2948.1561	481.0335	715	1
2_Myf6_5d.nodup_peak_6244_lociStitched	chr18	68712225	68719080	2	455	3306.852	839.7375	716	1
3_Myf6_5d.nodup_peak_2570_lociStitched	chr11	116285835	116296599	3	727	3563.9604	1096.8516	717	1
2_Myf6_5d.nodup_peak_9812_lociStitched	chr5	65093807	65096357	2	414	2841.21	376.635	718	1
2_Myf6_5d.nodup_peak_11505_lociStitched	chr7	90335957	90341871	2	386	2987.1614	533.4428	719	1
2_Myf6_5d.nodup_peak_706_lociStitched	chr1	135989978	135997880	2	483	3391.5384	958.5126	720	1
2_Myf6_5d.nodup_peak_1730_lociStitched	chr10	122017077	122030081	2	525	3742.5512	1310.8032	721	1
2_Myf6_5d.nodup_peak_10592_lociStitched	chr6	67106587	67115692	2	380	3497.2305	1068.0165	722	1
2_Myf6_5d.nodup_peak_7055_lociStitched	chr2	48318493	48321721	2	360	2886.8004	468.06	723	1
2_Myf6_5d.nodup_peak_2313_lociStitched	chr11	88488710	88496172	2	389	3263.1326	849.9218	724	1
2_Myf6_5d.nodup_peak_4352_lociStitched	chr15	57718793	57719603	2	443	2566.08	156.654	725	1
3_Myf6_5d.nodup_peak_12151_lociStitched	chr8	69176430	69184446	3	404	3304.1952	901.8	726	1
3_Myf6_5d.nodup_peak_702_lociStitched	chr1	135923306	135926164	3	513	2780.834	382.1146	727	1
2_Myf6_5d.nodup_peak_4720_lociStitched	chr15	99644865	99648585	2	369	2950.332	555.396	728	1
2_Myf6_5d.nodup_peak_13375_lociStitched	chr9	120525541	120529364	2	290	2817.551	426.6468	729	1
2_Myf6_5d.nodup_peak_8621_lociStitched	chr4	8927352	8939500	2	497	3816.9016	1426.1752	730	1
2_Myf6_5d.nodup_peak_9130_lociStitched	chr4	120247460	120249254	2	510	2671.6248	282.1962	731	1
2_Myf6_5d.nodup_peak_3514_lociStitched	chr13	49020271	49025956	2	535	3018.1665	629.3295	732	1
2_Myf6_5d.nodup_peak_4506_lociStitched	chr15	76976725	76980065	2	438	2887.764	502.67	733	1
3_Myf6_5d.nodup_peak_2220_lociStitched	chr11	77827359	77848416	3	558	4426.1814	2042.529	734	1
2_Myf6_5d.nodup_peak_5738_lociStitched	chr17	67904381	67908835	2	482	3007.7862	627.5686	735	1
2_Myf6_5d.nodup_peak_4211_lociStitched	chr15	27575111	27578946	2	326	2967.9065	591.7405	736	1
2_Myf6_5d.nodup_peak_7695_lociStitched	chr2	158059939	158066644	2	346	3493.305	1119.0645	737	1
2_Myf6_5d.nodup_peak_3312_lociStitched	chr13	28417994	28420877	2	290	2780.0769	405.9264	738	1
3_Myf6_5d.nodup_peak_1418_lociStitched	chr10	70057180	70060948	3	770	2941.6776	569.3448	739	1
3_Myf6_5d.nodup_peak_7178_lociStitched	chr2	69673836	69682157	3	495	3215.2344	847.9099	740	1
2_Myf6_5d.nodup_peak_6352_lociStitched	chr19	3923524	3924183	2	575	2501.8935	136.1494	741	1
2_Myf6_5d.nodup_peak_10091_lociStitched	chr5	120514092	120515151	2	345	2586.7134	223.2372	742	1
2_Myf6_5d.nodup_peak_5364_lociStitched	chr17	10093664	10105588	2	323	3776.3308	1416.5712	743	1
4_Myf6_5d.nodup_peak_11154_lociStitched	chr7	24429501	24438255	4	616	3003.4974	644.2944	744	1
2_Myf6_5d.nodup_peak_4393_lociStitched	chr15	59107469	59109479	2	541	2642.145	284.616	745	1
2_Myf6_5d.nodup_peak_13238_lociStitched	chr9	102729247	102734288	2	266	2990.8253	633.6537	746	1
2_Myf6_5d.nodup_peak_5906_lociStitched	chr18	6017667	6019264	2	383	2588.737	233.4814	747	1
2_Myf6_5d.nodup_peak_421_lociStitched	chr1	86505550	86511191	2	304	2973.3711	618.2536	748	1
2_Myf6_5d.nodup_peak_8070_lociStitched	chr3	55270497	55278065	2	392	3243.6448	891.5104	749	1
2_Myf6_5d.nodup_peak_951_lociStitched	chr1	184059855	184061735	2	534	2677.684	329.188	750	1
2_Myf6_5d.nodup_peak_2322_lociStitched	chr11	88704777	88710163	2	412	2902.5154	559.0668	751	1
2_Myf6_5d.nodup_peak_12259_lociStitched	chr8	84809196	84815812	2	479	3219.3456	877.9432	752	1
2_Myf6_5d.nodup_peak_5849_lociStitched	chr17	84936945	84944884	2	304	3280.3948	942.3593	753	1
2_Myf6_5d.nodup_peak_5022_lociStitched	chr16	33937560	33941717	2	503	2852.5334	517.9622	754	1
3_Myf6_5d.nodup_peak_8360_lociStitched	chr3	108310877	108323163	3	551	3700.5432	1379.7178	755	1
2_Myf6_5d.nodup_peak_7424_lociStitched	chr2	118740428	118750917	2	362	3234.8076	919.8853	756	1
2_Myf6_5d.nodup_peak_2070_lociStitched	chr11	60975190	60978888	2	374	2862.252	548.0436	757	1
2_Myf6_5d.nodup_peak_7919_lociStitched	chr3	19660369	19663640	2	330	2711.659	407.8937	758	1
2_Myf6_5d.nodup_peak_10427_lociStitched	chr6	29435963	29439553	2	381	2680.294	376.591	759	1
2_Myf6_5d.nodup_peak_10259_lociStitched	chr5	138768796	138779020	2	456	3378.0096	1074.5424	760	1
2_Myf6_5d.nodup_peak_12664_lociStitched	chr9	7784612	7790024	2	499	2920.3152	617.5092	761	1
2_Myf6_5d.nodup_peak_1880_lociStitched	chr11	29774302	29778171	2	575	2838.6853	537.0172	762	1
3_Myf6_5d.nodup_peak_9782_lociStitched	chr5	53933746	53941997	3	750	3222.0155	921.6367	763	1
2_Myf6_5d.nodup_peak_5694_lociStitched	chr17	56592666	56594235	2	490	2634.5079	334.197	764	1
2_Myf6_5d.nodup_peak_10210_lociStitched	chr5	134119638	134124067	2	402	2817.7298	521.2933	765	1
2_Myf6_5d.nodup_peak_8172_lociStitched	chr3	84925324	84930952	2	309	3006.4776	723.7608	766	1
2_Myf6_5d.nodup_peak_8243_lociStitched	chr3	95695436	95696607	2	370	2504.3006	226.003	767	1
2_Myf6_5d.nodup_peak_9826_lociStitched	chr5	66583105	66594651	2	497	3768.6144	1492.8978	768	1
2_Myf6_5d.nodup_peak_5688_lociStitched	chr17	56345490	56357779	2	349	3615.4238	1341.9588	769	1
2_Myf6_5d.nodup_peak_5525_lociStitched	chr17	29455529	29458144	2	466	2590.6805	319.2915	770	1
3_Myf6_5d.nodup_peak_4531_lociStitched	chr15	78790580	78796824	3	472	3091.4044	821.7104	771	1
2_Myf6_5d.nodup_peak_915_lociStitched	chr1	180200933	180210348	2	317	3327.261	1058.246	772	1
2_Myf6_5d.nodup_peak_3463_lociStitched	chr13	44302063	44306928	2	381	2690.8315	423.7415	773	1
2_Myf6_5d.nodup_peak_7796_lociStitched	chr2	167542513	167553133	2	342	3160.512	897.39	774	1
2_Myf6_5d.nodup_peak_8793_lociStitched	chr4	53832422	53843876	2	474	3396.111	1133.946	775	1
2_Myf6_5d.nodup_peak_1618_lociStitched	chr10	94563113	94568188	2	390	3010.49	748.5625	776	1
3_Myf6_5d.nodup_peak_6204_lociStitched	chr18	65329295	65348974	3	761	4014.516	1753.3989	777	1
3_Myf6_5d.nodup_peak_8251_lociStitched	chr3	96132612	96140847	3	442	3321.1755	1060.668	778	1
3_Myf6_5d.nodup_peak_11677_lociStitched	chr7	112229190	112235812	3	812	2958.7096	698.621	779	1
3_Myf6_5d.nodup_peak_5029_lociStitched	chr16	34328003	34342769	3	762	4026.6882	1767.4902	780	1
2_Myf6_5d.nodup_peak_6603_lociStitched	chr19	40368670	40370515	2	346	2570.085	318.2625	781	1
2_Myf6_5d.nodup_peak_8961_lociStitched	chr4	95611423	95621315	2	353	3419.6644	1169.2344	782	1
2_Myf6_5d.nodup_peak_6507_lociStitched	chr19	24638097	24641297	2	408	2712.64	467.2	783	1
2_Myf6_5d.nodup_peak_883_lociStitched	chr1	177010919	177011982	2	462	2362.0923	130.2175	784	1
2_Myf6_5d.nodup_peak_7192_lociStitched	chr2	72318453	72320949	2	553	2607.072	379.392	785	1
3_Myf6_5d.nodup_peak_1296_lociStitched	chr10	51961568	51975862	3	561	3985.1672	1761.0208	786	1
2_Myf6_5d.nodup_peak_7829_lociStitched	chr2	172450730	172463116	2	539	3294.676	1071.389	787	1
2_Myf6_5d.nodup_peak_6454_lociStitched	chr19	10952741	10959733	2	396	2984.1856	764.2256	788	1
2_Myf6_5d.nodup_peak_10146_lociStitched	chr5	124043554	124049932	2	429	2895.612	679.257	789	1
2_Myf6_5d.nodup_peak_10977_lociStitched	chr6	127960325	127969969	2	357	3289.5684	1076.2704	790	1
2_Myf6_5d.nodup_peak_12233_lociStitched	chr8	81768394	81777079	2	516	3273.3765	1066.518	791	1
2_Myf6_5d.nodup_peak_13412_lociStitched	chr9	123483631	123489944	2	310	2786.5582	581.4273	792	1
2_Myf6_5d.nodup_peak_8823_lociStitched	chr4	57287836	57295275	2	481	2939.1489	738.6927	793	1
3_Myf6_5d.nodup_peak_2956_lociStitched	chr12	79757862	79759705	3	572	2422.6235	226.1361	794	1
2_Myf6_5d.nodup_peak_9232_lociStitched	chr4	133071123	133075216	2	273	2680.0964	493.2065	795	1
2_Myf6_5d.nodup_peak_2995_lociStitched	chr12	82103069	82106038	2	437	2550.371	365.7808	796	1
2_Myf6_5d.nodup_peak_10005_lociStitched	chr5	110797809	110802522	2	263	2770.3014	586.7685	797	1
2_Myf6_5d.nodup_peak_9574_lociStitched	chr5	21519268	21528686	2	288	3192.702	1016.2022	798	1
2_Myf6_5d.nodup_peak_9686_lociStitched	chr5	36069654	36070249	2	386	2333.5305	163.3275	799	1
2_Myf6_5d.nodup_peak_8278_lociStitched	chr3	98024384	98026167	2	322	2385.2974	219.1307	800	1
2_Myf6_5d.nodup_peak_1968_lociStitched	chr11	50263206	50270189	2	426	3066.2353	903.6002	801	1
2_Myf6_5d.nodup_peak_12094_lociStitched	chr8	48293921	48295850	2	417	2407.7778	246.7191	802	1
3_Myf6_5d.nodup_peak_6344_lociStitched	chr19	3333129	3344922	3	473	3515.4933	1355.0157	803	1
3_Myf6_5d.nodup_peak_11476_lociStitched	chr7	83979050	83986005	3	620	2758.353	604.3895	804	1
2_Myf6_5d.nodup_peak_4422_lociStitched	chr15	63957613	63960898	2	366	2696.328	543.0105	805	1
2_Myf6_5d.nodup_peak_9238_lociStitched	chr4	133166046	133176644	2	328	3282.2006	1135.0458	806	1
2_Myf6_5d.nodup_peak_3766_lociStitched	chr13	99259512	99262703	2	607	2602.8987	456.313	807	1
2_Myf6_5d.nodup_peak_11021_lociStitched	chr6	134944140	134954331	2	492	3084.8157	941.6484	808	1
2_Myf6_5d.nodup_peak_8791_lociStitched	chr4	53800496	53810711	2	359	3169.7145	1028.6505	809	1
2_Myf6_5d.nodup_peak_13626_lociStitched	chrX	166773700	166783726	2	350	3096.0288	956.4804	810	1
2_Myf6_5d.nodup_peak_8316_lociStitched	chr3	102095575	102100056	2	398	2749.5416	610.3122	811	1
2_Myf6_5d.nodup_peak_3033_lociStitched	chr12	85447730	85455680	2	292	3042.465	906.3	812	1
2_Myf6_5d.nodup_peak_3013_lociStitched	chr12	84118375	84127190	2	336	3116.984	983.754	813	1
2_Myf6_5d.nodup_peak_6393_lociStitched	chr19	6287189	6291697	2	436	2568.2076	435.9236	814	1
2_Myf6_5d.nodup_peak_7790_lociStitched	chr2	167330754	167336939	2	335	2892.106	763.8475	815	1
2_Myf6_5d.nodup_peak_8704_lociStitched	chr4	41255988	41258026	2	346	2388.1284	261.2716	816	1
3_Myf6_5d.nodup_peak_6404_lociStitched	chr19	7066658	7083189	3	664	3821.9672	1696.0806	817	1
3_Myf6_5d.nodup_peak_13324_lociStitched	chr9	114667985	114678823	3	657	3082.3272	958.0792	818	1
2_Myf6_5d.nodup_peak_3476_lociStitched	chr13	45513696	45524592	2	438	3120.6144	999.1632	819	1
3_Myf6_5d.nodup_peak_3593_lociStitched	chr13	58415518	58421295	3	497	2771.2269	659.1557	820	1
2_Myf6_5d.nodup_peak_5761_lociStitched	chr17	70993621	70995840	2	416	2278.2473	169.3097	821	1
3_Myf6_5d.nodup_peak_10633_lociStitched	chr6	72473677	72475271	3	455	2329.631	224.4352	822	1
3_Myf6_5d.nodup_peak_10875_lociStitched	chr6	113508398	113514174	3	652	2698.5472	601.8592	823	1
2_Myf6_5d.nodup_peak_12479_lociStitched	chr8	118378941	118389775	2	330	3193.8632	1098.5676	824	1
2_Myf6_5d.nodup_peak_938_lociStitched	chr1	182110758	182116335	2	399	2712.0951	620.7201	825	1
2_Myf6_5d.nodup_peak_11684_lociStitched	chr7	112463201	112467871	2	320	2536.277	445.051	826	1
2_Myf6_5d.nodup_peak_9626_lociStitched	chr5	30993460	30995280	2	481	2366.182	275.002	827	1
2_Myf6_5d.nodup_peak_1878_lociStitched	chr11	29636982	29638618	2	517	2392.3228	305.2776	828	1
2_Myf6_5d.nodup_peak_6289_lociStitched	chr18	77054832	77060158	2	306	2557.0126	471.351	829	1
3_Myf6_5d.nodup_peak_12946_lociStitched	chr9	58294681	58295944	3	678	2278.452	193.239	830	1
4_Myf6_5d.nodup_peak_5486_lociStitched	chr17	28007006	28022068	4	680	3654.0412	1570.9666	831	1
2_Myf6_5d.nodup_peak_98_lociStitched	chr1	34120112	34121310	2	394	2339.9336	258.4086	832	1
2_Myf6_5d.nodup_peak_9474_lociStitched	chr4	152246105	152253477	2	379	2819.79	743.8348	833	1
2_Myf6_5d.nodup_peak_13369_lociStitched	chr9	119632286	119634541	2	459	2357.1515	282.1005	834	1
2_Myf6_5d.nodup_peak_5499_lociStitched	chr17	28556724	28557996	2	315	2253.6024	185.712	835	1
2_Myf6_5d.nodup_peak_13254_lociStitched	chr9	105376461	105377866	2	339	2282.844	216.5105	836	1
2_Myf6_5d.nodup_peak_8263_lociStitched	chr3	97007255	97015436	2	332	2910.7998	847.5516	837	1
2_Myf6_5d.nodup_peak_7687_lociStitched	chr2	157064172	157069590	2	403	2813.0256	751.4766	838	1
2_Myf6_5d.nodup_peak_13376_lociStitched	chr9	120734061	120745984	2	538	3355.1322	1294.8378	839	1
2_Myf6_5d.nodup_peak_964_lociStitched	chr1	185229542	185230210	2	367	2195.7828	136.8732	840	1
3_Myf6_5d.nodup_peak_13142_lociStitched	chr9	78537297	78547184	3	620	2822.7385	767.2312	841	1
2_Myf6_5d.nodup_peak_3041_lociStitched	chr12	85604687	85607806	2	415	2473.9908	421.065	842	1
2_Myf6_5d.nodup_peak_12182_lociStitched	chr8	72460181	72469575	2	583	2860.473	809.7628	843	1
3_Myf6_5d.nodup_peak_5773_lociStitched	chr17	73118765	73126648	3	556	3077.5232	1029.5198	844	1
2_Myf6_5d.nodup_peak_980_lociStitched	chr1	186584010	186587000	2	344	2479.906	434.746	845	1
2_Myf6_5d.nodup_peak_1701_lociStitched	chr10	119013894	119016425	2	310	2448.4894	403.4414	846	1
2_Myf6_5d.nodup_peak_3439_lociStitched	chr13	41660096	41662941	2	275	2293.07	248.3685	847	1
2_Myf6_5d.nodup_peak_8845_lociStitched	chr4	58714267	58716692	2	359	2336.73	293.91	848	1
2_Myf6_5d.nodup_peak_1013_lociStitched	chr1	191661167	191662440	2	327	2250.1548	208.3901	849	1
2_Myf6_5d.nodup_peak_662_lociStitched	chr1	134160471	134161675	2	371	2245.5804	205.0412	850	1
2_Myf6_5d.nodup_peak_11272_lociStitched	chr7	46314696	46317235	2	383	2311.5056	273.7042	851	1
2_Myf6_5d.nodup_peak_7558_lociStitched	chr2	135737547	135738660	2	431	2216.8734	183.3111	852	1
2_Myf6_5d.nodup_peak_7614_lociStitched	chr2	148717217	148721316	2	295	2532.7721	500.4879	853	1
3_Myf6_5d.nodup_peak_5785_lociStitched	chr17	74264609	74270657	3	505	2727.0432	695.52	854	1
3_Myf6_5d.nodup_peak_2293_lociStitched	chr11	86920298	86922305	3	706	2332.9368	302.8563	855	1
3_Myf6_5d.nodup_peak_12696_lociStitched	chr9	21449721	21452189	3	716	2294.9932	265.5568	856	1
3_Myf6_5d.nodup_peak_155_lociStitched	chr1	39282049	39288651	3	408	2911.482	882.6874	857	1
2_Myf6_5d.nodup_peak_7101_lociStitched	chr2	58001630	58007340	2	511	2559.222	530.459	858	1
2_Myf6_5d.nodup_peak_9155_lociStitched	chr4	123034905	123035982	2	508	2233.3749	206.2455	859	1
2_Myf6_5d.nodup_peak_468_lociStitched	chr1	90273411	90280230	2	294	2913.7587	892.6071	860	1
3_Myf6_5d.nodup_peak_144_lociStitched	chr1	37336035	37342172	3	563	2765.3322	746.2592	861	1
2_Myf6_5d.nodup_peak_8275_lociStitched	chr3	97924173	97935185	2	442	3036.0084	1019.7112	862	1
2_Myf6_5d.nodup_peak_11365_lociStitched	chr7	67462091	67466657	2	536	2498.0586	482.6262	863	1
2_Myf6_5d.nodup_peak_4170_lociStitched	chr15	12211711	12224422	2	292	3738.3051	1728.696	864	1
2_Myf6_5d.nodup_peak_1633_lociStitched	chr10	96371070	96375328	2	426	2617.3926	614.8552	865	1
3_Myf6_5d.nodup_peak_7466_lociStitched	chr2	122305194	122306362	3	592	2206.8192	205.568	866	1
2_Myf6_5d.nodup_peak_10930_lociStitched	chr6	120274925	120277324	2	446	2289.6056	288.3598	867	1
3_Myf6_5d.nodup_peak_1031_lociStitched	chr1	193197939	193214329	3	708	3689.389	1688.17	868	1
3_Myf6_5d.nodup_peak_3624_lociStitched	chr13	63134970	63136310	3	467	2244.5	245.622	869	1
2_Myf6_5d.nodup_peak_11151_lociStitched	chr7	19933369	19935382	2	254	2264.4237	270.5472	870	1
3_Myf6_5d.nodup_peak_3945_lociStitched	chr14	31557388	31565130	3	537	2847.5076	859.362	871	1
2_Myf6_5d.nodup_peak_3325_lociStitched	chr13	29738179	29746876	2	486	2833.4826	851.4363	872	1
2_Myf6_5d.nodup_peak_11180_lociStitched	chr7	28382671	28386785	2	358	2454.4124	475.167	873	1
2_Myf6_5d.nodup_peak_8313_lociStitched	chr3	101912125	101916821	2	371	2495.924	523.1344	874	1
3_Myf6_5d.nodup_peak_882_lociStitched	chr1	176933490	176949604	3	578	3603.0904	1630.7368	875	1
3_Myf6_5d.nodup_peak_6312_lociStitched	chr18	80287533	80289273	3	445	2144.898	177.48	876	1
2_Myf6_5d.nodup_peak_647_lociStitched	chr1	133069250	133072233	2	378	2337.1805	375.858	877	1
2_Myf6_5d.nodup_peak_6149_lociStitched	chr18	60867018	60870285	2	265	2261.4174	303.5043	878	1
3_Myf6_5d.nodup_peak_9254_lociStitched	chr4	134351986	134356503	3	570	2421.5637	468.8646	879	1
2_Myf6_5d.nodup_peak_1313_lociStitched	chr10	58350765	58352671	2	267	2262.2314	310.8686	880	1
2_Myf6_5d.nodup_peak_3537_lociStitched	chr13	51975988	51980609	2	476	2521.2176	572.0798	881	1
2_Myf6_5d.nodup_peak_4215_lociStitched	chr15	27907701	27919048	2	382	3649.1952	1702.05	882	1
2_Myf6_5d.nodup_peak_1157_lociStitched	chr10	25876871	25884768	2	289	2903.7269	962.6443	883	1
2_Myf6_5d.nodup_peak_12912_lociStitched	chr9	56132200	56134171	2	344	2219.1489	279.2907	884	1
3_Myf6_5d.nodup_peak_5200_lociStitched	chr16	86209459	86223332	3	614	3357.266	1423.3698	885	1
2_Myf6_5d.nodup_peak_6418_lociStitched	chr19	7585265	7592379	2	399	2797.9362	865.0624	886	1
3_Myf6_5d.nodup_peak_1907_lociStitched	chr11	31724603	31738378	3	551	3598.03	1668.1525	887	1
3_Myf6_5d.nodup_peak_5512_lociStitched	chr17	29247908	29254023	3	593	2476.575	549.127	888	1
2_Myf6_5d.nodup_peak_12085_lociStitched	chr8	46850677	46852691	2	267	2207.7468	281.96	889	1
2_Myf6_5d.nodup_peak_2036_lociStitched	chr11	58211155	58223947	2	424	3320.8032	1395.6072	890	1
3_Myf6_5d.nodup_peak_11402_lociStitched	chr7	73370068	73372244	3	639	2204.288	287.0144	891	1
2_Myf6_5d.nodup_peak_5081_lociStitched	chr16	44215544	44217471	2	468	2212.9668	297.3361	892	1
2_Myf6_5d.nodup_peak_11674_lociStitched	chr7	112180302	112192439	2	267	2956.5732	1043.782	893	1
2_Myf6_5d.nodup_peak_4130_lociStitched	chr15	3707452	3715734	2	344	2990.6302	1081.6292	894	1
2_Myf6_5d.nodup_peak_8042_lociStitched	chr3	52603212	52605762	2	660	2334.27	427.125	895	1
2_Myf6_5d.nodup_peak_1673_lociStitched	chr10	111721160	111724951	2	272	2410.3178	524.6744	896	1
