#Mef2Da2_5d_peaks Enhancers
#Created from DYSE_OUT_1906232025_2/ROSE_OUTPUT/Mef2Da2_5d_peaks/Mef2Da2_5d_peaks_12KB_STITCHED_TSS_DISTAL_ENHANCER_REGION_MAP.txt
#Ranked by X4d_myotH3K27ac.bam
#Using cutoff of 2089.2465 for Super-Enhancers
#Created on Jun 23 2019 
REGION_ID	CHROM	START	STOP	NUM_LOCI	CONSTITUENT_SIZE	X4d_myotH3K27ac.bam	Input_MT_5d.bam	enhancerRank	isSuper
7_Mef2Da2_5d_peak_3995_lociStitched	chr16	92948583	92983228	7	1226	35466.0865	4781.01	1	1
4_Mef2Da2_5d_peak_5741_lociStitched	chr2	163345061	163363546	4	660	28276.5045	2534.2935	2	1
5_Mef2Da2_5d_peak_1663_lociStitched	chr11	80485822	80509162	5	1174	26003.094	3013.194	3	1
4_Mef2Da2_5d_peak_5322_lociStitched	chr2	60689040	60713118	4	893	23822.7732	3289.0548	4	1
4_Mef2Da2_5d_peak_1171_lociStitched	chr10	81412154	81433143	4	898	21734.1095	2354.9658	5	1
5_Mef2Da2_5d_peak_6987_lociStitched	chr5	31627288	31645125	5	1228	21397.2652	2386.5906	6	1
6_Mef2Da2_5d_peak_8017_lociStitched	chr7	49359318	49397976	6	1023	22556.943	3626.1204	7	1
9_Mef2Da2_5d_peak_188_lociStitched	chr1	66922126	66965087	9	2267	22584.5977	4382.022	8	1
4_Mef2Da2_5d_peak_4159_lociStitched	chr17	29050912	29063544	4	943	19799.3968	1723.0048	9	1
5_Mef2Da2_5d_peak_3657_lociStitched	chr15	99333029	99352563	5	1216	21528.4214	3689.9726	10	1
4_Mef2Da2_5d_peak_7527_lociStitched	chr6	54248940	54268580	4	640	19506.448	2453.036	11	1
7_Mef2Da2_5d_peak_3270_lociStitched	chr15	34043742	34079738	7	1298	22349.9164	5392.2008	12	1
3_Mef2Da2_5d_peak_8848_lociStitched	chr8	124632977	124653660	3	672	18751.2078	2136.5539	13	1
3_Mef2Da2_5d_peak_2610_lociStitched	chr13	63108804	63119060	3	548	17716.2144	1317.896	14	1
4_Mef2Da2_5d_peak_7584_lociStitched	chr6	84225646	84251307	4	940	19179.0314	2951.015	15	1
5_Mef2Da2_5d_peak_3678_lociStitched	chr15	101240867	101260664	5	1313	18876.4395	2846.8086	16	1
4_Mef2Da2_5d_peak_4191_lociStitched	chr17	31914504	31930593	4	593	17926.3638	2035.2585	17	1
3_Mef2Da2_5d_peak_790_lociStitched	chr1	192789310	192807118	3	451	18002.1072	2186.8224	18	1
4_Mef2Da2_5d_peak_4667_lociStitched	chr18	61380351	61397284	4	1044	17644.186	1877.8697	19	1
4_Mef2Da2_5d_peak_5806_lociStitched	chr2	180362640	180377012	4	1348	17509.4076	1818.058	20	1
3_Mef2Da2_5d_peak_1939_lociStitched	chr12	8436706	8450871	3	617	17660.922	2045.426	21	1
3_Mef2Da2_5d_peak_2442_lociStitched	chr13	32922591	32935216	3	683	17329.075	1990.9625	22	1
4_Mef2Da2_5d_peak_4536_lociStitched	chr18	32340200	32365821	4	799	19261.8678	4012.2486	23	1
2_Mef2Da2_5d_peak_3352_lociStitched	chr15	55128823	55139624	2	581	16959.7302	1905.2964	24	1
6_Mef2Da2_5d_peak_6374_lociStitched	chr4	11975787	12008365	6	976	19032.0676	4052.7032	25	1
3_Mef2Da2_5d_peak_4054_lociStitched	chr17	7633471	7656252	3	398	17969.6528	3259.9611	26	1
4_Mef2Da2_5d_peak_8838_lociStitched	chr8	123872192	123889324	4	845	16546.0856	1867.388	27	1
3_Mef2Da2_5d_peak_96_lociStitched	chr1	40840649	40855653	3	598	16484.8948	1855.9948	28	1
5_Mef2Da2_5d_peak_1317_lociStitched	chr10	118640252	118658066	5	1547	17153.1006	2702.3838	29	1
4_Mef2Da2_5d_peak_1827_lociStitched	chr11	104558217	104577031	4	707	16191.3284	2366.8012	30	1
2_Mef2Da2_5d_peak_1324_lociStitched	chr10	118989930	119001617	2	571	15588.1206	1768.2431	31	1
4_Mef2Da2_5d_peak_250_lociStitched	chr1	75538762	75559713	4	579	15887.1433	2268.9933	32	1
4_Mef2Da2_5d_peak_3576_lociStitched	chr15	83469589	83474530	4	757	14616.4662	1025.7516	33	1
5_Mef2Da2_5d_peak_1189_lociStitched	chr10	84388429	84409612	5	1167	16499.4387	3069.4167	34	1
4_Mef2Da2_5d_peak_1510_lociStitched	chr11	52073933	52089464	4	673	15416.0706	2107.5567	35	1
3_Mef2Da2_5d_peak_5721_lociStitched	chr2	156724243	156737231	3	559	14997.2436	1761.1728	36	1
5_Mef2Da2_5d_peak_473_lociStitched	chr1	135770993	135795161	5	987	15680.1984	2776.9032	37	1
3_Mef2Da2_5d_peak_8590_lociStitched	chr8	72577863	72588096	3	843	13891.2975	1196.2377	38	1
5_Mef2Da2_5d_peak_5397_lociStitched	chr2	77102601	77127212	5	1465	15593.5296	3029.6141	39	1
4_Mef2Da2_5d_peak_3837_lociStitched	chr16	30502729	30518770	4	503	14355.0909	1958.6061	40	1
3_Mef2Da2_5d_peak_3390_lociStitched	chr15	59054894	59071669	3	567	15292.09	2918.85	41	1
3_Mef2Da2_5d_peak_6207_lociStitched	chr3	121474826	121481893	3	907	13356.63	1012.7011	42	1
4_Mef2Da2_5d_peak_7686_lociStitched	chr6	101327826	101345217	4	705	14484.9639	2177.3532	43	1
6_Mef2Da2_5d_peak_6233_lociStitched	chr3	123138436	123152021	6	1425	14144.702	1899.183	44	1
3_Mef2Da2_5d_peak_2920_lociStitched	chr14	31659607	31670085	3	736	13832.0078	1587.417	45	1
3_Mef2Da2_5d_peak_2617_lociStitched	chr13	63240888	63246089	3	481	13058.1507	894.0519	46	1
3_Mef2Da2_5d_peak_7996_lociStitched	chr7	46337695	46350306	3	458	13443.326	1292.6275	47	1
6_Mef2Da2_5d_peak_3791_lociStitched	chr16	24156716	24183318	6	1095	15234.9654	3253.4246	48	1
5_Mef2Da2_5d_peak_7843_lociStitched	chr6	146004166	146010587	5	633	12985.1883	1018.3706	49	1
4_Mef2Da2_5d_peak_7857_lociStitched	chr6	146899627	146918478	4	744	14273.9772	2509.0681	50	1
3_Mef2Da2_5d_peak_2038_lociStitched	chr12	51706892	51729308	3	468	14404.5216	2649.5712	51	1
4_Mef2Da2_5d_peak_7628_lociStitched	chr6	90688818	90703510	4	906	13528.3936	1849.7228	52	1
3_Mef2Da2_5d_peak_7749_lociStitched	chr6	120182132	120193363	3	604	12957.2047	1363.4434	53	1
3_Mef2Da2_5d_peak_1537_lociStitched	chr11	55005286	55027882	3	532	14276.1528	2693.4432	54	1
4_Mef2Da2_5d_peak_3374_lociStitched	chr15	57717499	57727560	4	726	13187.9588	1624.8515	55	1
2_Mef2Da2_5d_peak_1010_lociStitched	chr10	45299587	45311932	2	520	13435.0635	2020.8765	56	1
4_Mef2Da2_5d_peak_1288_lociStitched	chr10	111547999	111576199	4	699	14720.4	3352.98	57	1
3_Mef2Da2_5d_peak_5749_lociStitched	chr2	163670991	163686030	3	713	13237.3278	1876.8672	58	1
5_Mef2Da2_5d_peak_8406_lociStitched	chr8	11689939	11706101	5	941	13610.0202	2272.3772	59	1
4_Mef2Da2_5d_peak_6301_lociStitched	chr3	138103897	138119699	4	746	12815.422	1964.1886	60	1
5_Mef2Da2_5d_peak_4467_lociStitched	chr18	5920020	5946466	5	911	13355.23	2530.8822	61	1
4_Mef2Da2_5d_peak_9103_lociStitched	chr9	61638988	61658304	4	1071	12746.6284	2078.4016	62	1
3_Mef2Da2_5d_peak_7595_lociStitched	chr6	86598812	86620274	3	444	13263.516	2699.9196	63	1
3_Mef2Da2_5d_peak_7088_lociStitched	chr5	64360655	64368737	3	595	11702.736	1157.3424	64	1
2_Mef2Da2_5d_peak_671_lociStitched	chr1	177009060	177015255	2	211	11509.071	992.439	65	1
3_Mef2Da2_5d_peak_2900_lociStitched	chr14	25750733	25759427	3	437	11497.815	1098.0522	66	1
2_Mef2Da2_5d_peak_2549_lociStitched	chr13	49352813	49362497	2	228	11767.0284	1448.7264	67	1
5_Mef2Da2_5d_peak_5537_lociStitched	chr2	114130208	114144130	5	1150	11924.193	1644.1882	68	1
4_Mef2Da2_5d_peak_4845_lociStitched	chr19	5013237	5018523	4	656	10977.4362	825.1446	69	1
3_Mef2Da2_5d_peak_3222_lociStitched	chr15	25767803	25774958	3	553	11362.8555	1290.762	70	1
3_Mef2Da2_5d_peak_6455_lociStitched	chr4	46085412	46095703	3	744	11291.2852	1245.211	71	1
3_Mef2Da2_5d_peak_4977_lociStitched	chr19	36682573	36698476	3	824	11796.8454	1949.7078	72	1
2_Mef2Da2_5d_peak_3752_lociStitched	chr16	14371392	14381264	2	370	11137.5904	1352.464	73	1
5_Mef2Da2_5d_peak_7313_lociStitched	chr5	125052261	125076502	5	1038	12372.6064	2610.7557	74	1
2_Mef2Da2_5d_peak_8765_lociStitched	chr8	110703722	110716267	2	459	11153.7595	1430.13	75	1
2_Mef2Da2_5d_peak_7126_lociStitched	chr5	73561046	73570508	2	319	10829.259	1123.1394	76	1
2_Mef2Da2_5d_peak_8325_lociStitched	chr7	132714259	132724349	2	346	10595.509	942.406	77	1
4_Mef2Da2_5d_peak_9294_lociStitched	chr9	108120144	108144631	4	645	11959.4508	2309.1241	78	1
3_Mef2Da2_5d_peak_9322_lociStitched	chr9	114016226	114022420	3	517	10317.9652	760.0038	79	1
3_Mef2Da2_5d_peak_8657_lociStitched	chr8	84753348	84769551	3	557	12058.2726	2516.3259	80	1
3_Mef2Da2_5d_peak_9062_lociStitched	chr9	56860482	56873431	3	593	10629.8341	1188.7182	81	1
3_Mef2Da2_5d_peak_4349_lociStitched	chr17	70737486	70746987	3	444	10685.7747	1248.4314	82	1
4_Mef2Da2_5d_peak_3706_lociStitched	chr16	4498090	4513002	4	721	11297.3312	1892.3328	83	1
2_Mef2Da2_5d_peak_5625_lociStitched	chr2	130488771	130497280	2	461	10704.322	1346.1238	84	1
4_Mef2Da2_5d_peak_1626_lociStitched	chr11	74438373	74448890	4	866	10867.2161	1539.6888	85	1
3_Mef2Da2_5d_peak_1700_lociStitched	chr11	88105570	88117952	3	677	10854.0612	1529.177	86	1
3_Mef2Da2_5d_peak_6003_lociStitched	chr3	68608940	68622196	3	539	11019.7128	1733.8848	87	1
3_Mef2Da2_5d_peak_2530_lociStitched	chr13	46510921	46526039	3	502	11252.3274	1969.8754	88	1
3_Mef2Da2_5d_peak_8645_lociStitched	chr8	84201494	84203666	3	740	9828.0828	565.3716	89	1
4_Mef2Da2_5d_peak_215_lociStitched	chr1	72937175	72951645	4	1114	11016.011	1774.022	90	1
3_Mef2Da2_5d_peak_5002_lociStitched	chr19	41606702	41621044	3	996	10732.1186	1706.698	91	1
4_Mef2Da2_5d_peak_6511_lociStitched	chr4	57549402	57561376	4	664	10647.2808	1627.2666	92	1
3_Mef2Da2_5d_peak_8873_lociStitched	chr8	126872578	126882088	3	571	10210.887	1211.574	93	1
2_Mef2Da2_5d_peak_1809_lociStitched	chr11	102998812	103007335	2	253	10106.5734	1161.6849	94	1
4_Mef2Da2_5d_peak_2977_lociStitched	chr14	54222279	54227803	4	982	9545.472	651.2796	95	1
3_Mef2Da2_5d_peak_3911_lociStitched	chr16	45796937	45811022	3	421	10489.0995	1677.5235	96	1
2_Mef2Da2_5d_peak_6093_lociStitched	chr3	95990869	96001500	2	220	9933.6064	1199.1768	97	1
2_Mef2Da2_5d_peak_8983_lociStitched	chr9	41105396	41118326	2	509	10062.126	1383.51	98	1
2_Mef2Da2_5d_peak_1762_lociStitched	chr11	97716330	97728563	2	276	10009.0406	1348.0766	99	1
2_Mef2Da2_5d_peak_8603_lociStitched	chr8	77481884	77492641	2	283	9942.6951	1389.8044	100	1
4_Mef2Da2_5d_peak_2472_lociStitched	chr13	37909242	37926666	4	570	10700.0784	2181.4848	101	1
4_Mef2Da2_5d_peak_6823_lociStitched	chr4	138065565	138078274	4	873	9881.2475	1366.2175	102	1
4_Mef2Da2_5d_peak_843_lociStitched	chr10	13990977	14018064	4	724	12124.1412	3640.4928	103	1
5_Mef2Da2_5d_peak_5286_lociStitched	chr2	52319053	52335939	5	937	10626.3598	2176.6054	104	1
2_Mef2Da2_5d_peak_3653_lociStitched	chr15	99249152	99254952	2	753	9392.52	981.36	105	1
4_Mef2Da2_5d_peak_2051_lociStitched	chr12	54242128	54265491	4	729	10922.2025	2562.9211	106	1
3_Mef2Da2_5d_peak_4452_lociStitched	chr18	4987557	5002704	3	896	9881.9028	1531.3617	107	1
2_Mef2Da2_5d_peak_1712_lociStitched	chr11	88580353	88586714	2	563	9042.1615	711.1598	108	1
4_Mef2Da2_5d_peak_8418_lociStitched	chr8	13665995	13673498	4	809	9309.7224	1099.9398	109	1
4_Mef2Da2_5d_peak_2007_lociStitched	chr12	32989948	33008562	4	763	10098.095	1898.628	110	1
3_Mef2Da2_5d_peak_4263_lociStitched	chr17	49472666	49489488	3	646	10172.2634	1990.0426	111	1
4_Mef2Da2_5d_peak_3243_lociStitched	chr15	28021847	28031509	4	804	9654.2704	1535.2918	112	1
4_Mef2Da2_5d_peak_3892_lociStitched	chr16	43578491	43592308	4	558	9645.6477	1570.9929	113	1
3_Mef2Da2_5d_peak_2863_lociStitched	chr14	20651713	20664858	3	793	9584.0195	1511.675	114	1
2_Mef2Da2_5d_peak_226_lociStitched	chr1	73951311	73962479	2	389	9371.0688	1298.8384	115	1
4_Mef2Da2_5d_peak_6124_lociStitched	chr3	99811311	99823509	4	794	9541.2756	1536.948	116	1
3_Mef2Da2_5d_peak_7240_lociStitched	chr5	113106667	113114695	3	589	8992.1628	1003.5	117	1
3_Mef2Da2_5d_peak_845_lociStitched	chr10	14041758	14055810	3	492	9940.3848	1953.228	118	1
5_Mef2Da2_5d_peak_3621_lociStitched	chr15	97089767	97105219	5	726	10192.1392	2238.9948	119	1
2_Mef2Da2_5d_peak_341_lociStitched	chr1	91347522	91356372	2	457	8987.175	1090.32	120	1
5_Mef2Da2_5d_peak_1585_lociStitched	chr11	67104820	67115234	5	978	9354.8962	1506.9058	121	1
3_Mef2Da2_5d_peak_7021_lociStitched	chr5	36367146	36378208	3	511	9163.7608	1348.4578	122	1
4_Mef2Da2_5d_peak_4197_lociStitched	chr17	32006958	32018775	4	703	9376.7895	1598.8401	123	1
3_Mef2Da2_5d_peak_9173_lociStitched	chr9	75422443	75428490	3	536	8574.646	839.9283	124	1
3_Mef2Da2_5d_peak_2253_lociStitched	chr12	100392577	100402720	3	613	9064.7991	1358.1477	125	1
2_Mef2Da2_5d_peak_3879_lociStitched	chr16	38389380	38396551	2	341	8633.1669	963.7824	126	1
2_Mef2Da2_5d_peak_1913_lociStitched	chr11	119793147	119796766	2	678	8319.3572	669.8769	127	1
3_Mef2Da2_5d_peak_2564_lociStitched	chr13	51878910	51886989	3	529	8865.8946	1253.0529	128	1
3_Mef2Da2_5d_peak_2184_lociStitched	chr12	85570123	85575777	3	396	8474.7806	862.8004	129	1
2_Mef2Da2_5d_peak_4464_lociStitched	chr18	5810510	5820560	2	265	8918.37	1344.69	130	1
3_Mef2Da2_5d_peak_7789_lociStitched	chr6	128225517	128239568	3	509	9096.6174	1603.2191	131	1
3_Mef2Da2_5d_peak_8272_lociStitched	chr7	118919166	118932258	3	496	8644.6476	1193.9904	132	1
2_Mef2Da2_5d_peak_7939_lociStitched	chr7	28919963	28931239	2	377	8671.244	1230.2116	133	1
2_Mef2Da2_5d_peak_3553_lociStitched	chr15	81049615	81062441	2	420	9361.6974	1948.2694	134	1
2_Mef2Da2_5d_peak_4081_lociStitched	chr17	10378520	10390756	2	537	9104.8076	1720.3816	135	1
2_Mef2Da2_5d_peak_3257_lociStitched	chr15	31337541	31345095	2	342	8501.2716	1117.992	136	1
2_Mef2Da2_5d_peak_1490_lociStitched	chr11	46063430	46073253	2	489	8534.2224	1159.114	137	1
4_Mef2Da2_5d_peak_6836_lociStitched	chr4	140630702	140637196	4	681	8255.1728	910.4588	138	1
5_Mef2Da2_5d_peak_7776_lociStitched	chr6	127986456	127991835	5	1203	8027.0817	688.512	139	1
5_Mef2Da2_5d_peak_1737_lociStitched	chr11	94221434	94232054	5	725	8635.122	1344.492	140	1
3_Mef2Da2_5d_peak_1925_lociStitched	chr11	121407460	121416588	3	624	8369.4632	1092.6216	141	1
3_Mef2Da2_5d_peak_1033_lociStitched	chr10	59622660	59633851	3	499	9173.2627	1903.5891	142	1
3_Mef2Da2_5d_peak_8414_lociStitched	chr8	13208901	13213643	3	799	7861.7618	624.0472	143	1
2_Mef2Da2_5d_peak_3695_lociStitched	chr15	103355350	103359425	2	625	8043.235	842.3025	144	1
2_Mef2Da2_5d_peak_1860_lociStitched	chr11	109615458	109623039	2	387	8245.8537	1048.4523	145	1
4_Mef2Da2_5d_peak_4685_lociStitched	chr18	62032763	62047406	4	869	8728.6923	1613.6586	146	1
2_Mef2Da2_5d_peak_7663_lociStitched	chr6	97222977	97227339	2	738	7650.0756	574.9116	147	1
5_Mef2Da2_5d_peak_896_lociStitched	chr10	23596750	23620446	5	715	9964.168	2895.6512	148	1
4_Mef2Da2_5d_peak_6737_lociStitched	chr4	123617863	123625899	4	802	8113.1456	1065.5736	149	1
2_Mef2Da2_5d_peak_3234_lociStitched	chr15	27595157	27597036	2	317	7445.5375	415.6348	150	1
2_Mef2Da2_5d_peak_9348_lociStitched	chr9	119474200	119483700	2	219	8000.9	985.15	151	1
2_Mef2Da2_5d_peak_3226_lociStitched	chr15	25904522	25915363	2	446	8768.2008	1805.0265	152	1
3_Mef2Da2_5d_peak_5575_lociStitched	chr2	120518706	120540122	3	691	9300.9688	2383.6008	153	1
2_Mef2Da2_5d_peak_6896_lociStitched	chr4	155164678	155173687	2	232	7930.6227	1134.2331	154	1
3_Mef2Da2_5d_peak_3077_lociStitched	chr14	74868373	74883037	3	494	8703.084	1915.1184	155	1
3_Mef2Da2_5d_peak_4009_lociStitched	chr16	94535799	94545039	3	453	7926.996	1159.62	156	1
3_Mef2Da2_5d_peak_5954_lociStitched	chr3	54473605	54487776	3	953	8678.3204	1921.5876	157	1
2_Mef2Da2_5d_peak_2612_lociStitched	chr13	63134964	63141056	2	395	7610.1264	919.892	158	1
2_Mef2Da2_5d_peak_3388_lociStitched	chr15	58997842	59004457	2	376	7758.072	1119.258	159	1
2_Mef2Da2_5d_peak_7509_lociStitched	chr6	50394513	50405033	2	402	7896.312	1258.192	160	1
3_Mef2Da2_5d_peak_4036_lociStitched	chr17	5118384	5139170	3	383	8890.1722	2359.211	161	1
3_Mef2Da2_5d_peak_5639_lociStitched	chr2	132212083	132221745	3	617	7674.5266	1156.5414	162	1
3_Mef2Da2_5d_peak_6485_lociStitched	chr4	53755451	53760035	3	799	7228.968	777.4464	163	1
4_Mef2Da2_5d_peak_7682_lociStitched	chr6	100167511	100194086	4	685	9715.82	3292.6425	164	1
3_Mef2Da2_5d_peak_6277_lociStitched	chr3	132870196	132874228	3	735	7042.2912	621.3312	165	1
2_Mef2Da2_5d_peak_797_lociStitched	chr1	193332746	193345217	2	282	7874.1894	1460.3541	166	1
2_Mef2Da2_5d_peak_7795_lociStitched	chr6	129229183	129233036	2	350	6893.7876	502.8165	167	1
3_Mef2Da2_5d_peak_8504_lociStitched	chr8	45830177	45845203	3	848	8201.1908	1815.1408	168	1
3_Mef2Da2_5d_peak_2955_lociStitched	chr14	47022251	47028418	3	642	7232.6576	849.8126	169	1
2_Mef2Da2_5d_peak_3404_lociStitched	chr15	59587998	59599117	2	578	7994.561	1617.8145	170	1
2_Mef2Da2_5d_peak_2193_lociStitched	chr12	86036327	86039961	2	603	6845.0024	520.3888	171	1
3_Mef2Da2_5d_peak_1853_lociStitched	chr11	108148589	108166119	3	585	8416.153	2096.588	172	1
2_Mef2Da2_5d_peak_952_lociStitched	chr10	39311447	39321691	2	293	7952.4172	1682.0648	173	1
2_Mef2Da2_5d_peak_2351_lociStitched	chr13	12312154	12323337	2	283	7442.2865	1187.6346	174	1
2_Mef2Da2_5d_peak_2949_lociStitched	chr14	45773426	45784324	2	419	7582.8284	1329.556	175	1
2_Mef2Da2_5d_peak_5699_lociStitched	chr2	152811516	152818484	2	259	7232.0872	981.7912	176	1
3_Mef2Da2_5d_peak_154_lociStitched	chr1	59475736	59489277	3	700	7880.862	1633.0446	177	1
3_Mef2Da2_5d_peak_7694_lociStitched	chr6	108663285	108668672	3	625	6878.6603	662.0623	178	1
2_Mef2Da2_5d_peak_7819_lociStitched	chr6	140535854	140547864	2	279	7610.737	1453.21	179	1
2_Mef2Da2_5d_peak_149_lociStitched	chr1	59409770	59418349	2	344	7272.4183	1122.9911	180	1
2_Mef2Da2_5d_peak_8992_lociStitched	chr9	44076733	44088116	2	571	7155.3538	1006.2572	181	1
3_Mef2Da2_5d_peak_7349_lociStitched	chr5	136456436	136475419	3	548	8354.4183	2219.1127	182	1
4_Mef2Da2_5d_peak_5554_lociStitched	chr2	117666472	117679015	4	795	7845.6465	1710.8652	183	1
2_Mef2Da2_5d_peak_2768_lociStitched	chr13	103239799	103247372	2	392	7207.9814	1094.2985	184	1
5_Mef2Da2_5d_peak_6946_lociStitched	chr5	21139366	21145560	5	1000	6965.153	868.3988	185	1
3_Mef2Da2_5d_peak_6055_lociStitched	chr3	87982801	87986978	3	573	6684.8708	591.8809	186	1
2_Mef2Da2_5d_peak_8319_lociStitched	chr7	130671478	130681960	2	265	7115.1816	1035.6216	187	1
3_Mef2Da2_5d_peak_6006_lociStitched	chr3	68656984	68669820	3	700	7724.7048	1653.2768	188	1
2_Mef2Da2_5d_peak_8083_lociStitched	chr7	74451208	74458670	2	368	6891.157	827.5358	189	1
3_Mef2Da2_5d_peak_2797_lociStitched	chr13	110541386	110545714	3	616	6735.6664	696.3752	190	1
2_Mef2Da2_5d_peak_2092_lociStitched	chr12	73201657	73210826	2	425	7258.1804	1224.9784	191	1
2_Mef2Da2_5d_peak_8851_lociStitched	chr8	124860274	124869953	2	355	7171.1711	1144.0578	192	1
3_Mef2Da2_5d_peak_6504_lociStitched	chr4	57232616	57249310	3	663	7764.3794	1772.9028	193	1
2_Mef2Da2_5d_peak_2124_lociStitched	chr12	79044777	79055497	2	371	7344.272	1361.44	194	1
4_Mef2Da2_5d_peak_7303_lociStitched	chr5	124166370	124175389	4	616	7000.5478	1092.2009	195	1
2_Mef2Da2_5d_peak_4222_lociStitched	chr17	44026377	44031310	2	539	6800.1405	898.7926	196	1
4_Mef2Da2_5d_peak_7378_lociStitched	chr5	144283871	144290055	4	671	6770.8616	884.9304	197	1
2_Mef2Da2_5d_peak_2870_lociStitched	chr14	20805083	20810493	2	316	6751.68	869.387	198	1
2_Mef2Da2_5d_peak_1643_lociStitched	chr11	76493144	76497913	2	603	6487.2707	678.1518	199	1
3_Mef2Da2_5d_peak_3864_lociStitched	chr16	34066897	34082399	3	494	7558.7752	1770.3284	200	1
2_Mef2Da2_5d_peak_6215_lociStitched	chr3	122088342	122097189	2	323	6868.8108	1087.2963	201	1
3_Mef2Da2_5d_peak_2207_lociStitched	chr12	86896539	86898589	3	580	6083.58	306.475	202	1
4_Mef2Da2_5d_peak_4064_lociStitched	chr17	9751942	9758115	4	834	6643.9999	891.9985	203	1
2_Mef2Da2_5d_peak_8619_lociStitched	chr8	80811558	80815546	2	507	6472.524	741.3692	204	1
2_Mef2Da2_5d_peak_4353_lociStitched	chr17	70993638	70999485	2	353	6411.8202	685.2684	205	1
2_Mef2Da2_5d_peak_4796_lociStitched	chr18	75675961	75687634	2	266	6700.302	977.0301	206	1
3_Mef2Da2_5d_peak_5531_lociStitched	chr2	114087470	114091865	3	553	6541.518	836.808	207	1
4_Mef2Da2_5d_peak_1097_lociStitched	chr10	68156730	68168461	4	653	7107.8129	1407.72	208	1
2_Mef2Da2_5d_peak_3397_lociStitched	chr15	59168033	59174202	2	622	6660.6693	966.6823	209	1
4_Mef2Da2_5d_peak_5650_lociStitched	chr2	135853159	135868880	4	939	7764.6019	2106.614	210	1
3_Mef2Da2_5d_peak_556_lociStitched	chr1	155051296	155056399	3	584	6234.3351	588.3759	211	1
2_Mef2Da2_5d_peak_7643_lociStitched	chr6	91643172	91647661	2	278	6241.0567	603.7705	212	1
2_Mef2Da2_5d_peak_8831_lociStitched	chr8	122636934	122646651	2	457	6721.2489	1136.889	213	1
5_Mef2Da2_5d_peak_8925_lociStitched	chr9	22776353	22786712	5	890	6770.6424	1202.6799	214	1
3_Mef2Da2_5d_peak_5787_lociStitched	chr2	173046680	173065053	3	444	7395.1325	1829.9508	215	1
2_Mef2Da2_5d_peak_1157_lociStitched	chr10	80751436	80759030	2	739	6614.374	1076.8292	216	1
2_Mef2Da2_5d_peak_6623_lociStitched	chr4	95659748	95666511	2	346	6372.0986	850.7854	217	1
2_Mef2Da2_5d_peak_5205_lociStitched	chr2	32174198	32179628	2	317	6208.119	713.502	218	1
4_Mef2Da2_5d_peak_6932_lociStitched	chr5	15966931	15975072	4	758	6496.518	1029.8365	219	1
3_Mef2Da2_5d_peak_3974_lociStitched	chr16	87567594	87575979	3	761	6617.442	1176.4155	220	1
3_Mef2Da2_5d_peak_7622_lociStitched	chr6	89859911	89867761	3	1049	6491.95	1051.9	221	1
2_Mef2Da2_5d_peak_4856_lociStitched	chr19	5810187	5812324	2	320	5829.0949	417.5698	222	1
2_Mef2Da2_5d_peak_5744_lociStitched	chr2	163386971	163392741	2	390	6060.231	676.821	223	1
2_Mef2Da2_5d_peak_1594_lociStitched	chr11	68035490	68044727	2	462	6707.9094	1325.5095	224	1
2_Mef2Da2_5d_peak_4457_lociStitched	chr18	5380818	5391629	2	331	6591.4667	1217.3186	225	1
2_Mef2Da2_5d_peak_7170_lociStitched	chr5	93130155	93137456	2	975	6074.432	724.2592	226	1
2_Mef2Da2_5d_peak_456_lociStitched	chr1	134276883	134283426	2	427	6233.5161	891.8109	227	1
2_Mef2Da2_5d_peak_3237_lociStitched	chr15	27619223	27625321	2	508	6337.6514	1018.9758	228	1
3_Mef2Da2_5d_peak_9186_lociStitched	chr9	77615880	77629007	3	710	6589.754	1279.8825	229	1
3_Mef2Da2_5d_peak_6447_lociStitched	chr4	45489468	45492831	3	548	5766.8724	461.4036	230	1
3_Mef2Da2_5d_peak_8909_lociStitched	chr9	14585811	14596700	3	545	6302.5532	1000.6991	231	1
3_Mef2Da2_5d_peak_6074_lociStitched	chr3	89591430	89598586	3	551	6159.1692	876.61	232	1
2_Mef2Da2_5d_peak_2043_lociStitched	chr12	52847090	52854761	2	638	6120.6909	880.6308	233	1
2_Mef2Da2_5d_peak_7790_lociStitched	chr6	128259386	128265518	2	430	5993.4168	779.9904	234	1
2_Mef2Da2_5d_peak_792_lociStitched	chr1	192822551	192829230	2	333	6092.5838	879.6243	235	1
2_Mef2Da2_5d_peak_8498_lociStitched	chr8	45598042	45607419	2	651	6441.999	1235.8886	236	1
2_Mef2Da2_5d_peak_7573_lociStitched	chr6	82751908	82761100	2	398	6234.9336	1048.8072	237	1
5_Mef2Da2_5d_peak_7865_lociStitched	chr6	147490276	147506816	5	829	7105.584	1933.526	238	1
3_Mef2Da2_5d_peak_34_lociStitched	chr1	20624512	20635180	3	700	6289.8528	1147.8768	239	1
3_Mef2Da2_5d_peak_1434_lociStitched	chr11	29626665	29639255	3	536	6712.988	1571.232	240	1
2_Mef2Da2_5d_peak_7316_lociStitched	chr5	125219861	125232779	2	461	6679.8978	1548.8682	241	1
2_Mef2Da2_5d_peak_1811_lociStitched	chr11	103174435	103177611	2	427	5537.0384	416.3736	242	1
2_Mef2Da2_5d_peak_3572_lociStitched	chr15	83344153	83346350	2	229	5561.9252	448.8471	243	1
2_Mef2Da2_5d_peak_8547_lociStitched	chr8	61185864	61194810	2	569	6235.362	1142.4042	244	1
3_Mef2Da2_5d_peak_7755_lociStitched	chr6	120987624	120991170	3	877	5578.9218	488.6388	245	1
3_Mef2Da2_5d_peak_1042_lociStitched	chr10	60197491	60209617	3	737	6772.371	1691.577	246	1
3_Mef2Da2_5d_peak_6088_lociStitched	chr3	95692652	95696737	3	862	5785.5855	720.1855	247	1
2_Mef2Da2_5d_peak_6796_lociStitched	chr4	135247235	135255058	2	485	5916.5349	851.9247	248	1
4_Mef2Da2_5d_peak_9051_lociStitched	chr9	56132268	56152385	4	564	7022.8447	1969.4543	249	1
2_Mef2Da2_5d_peak_1048_lociStitched	chr10	60928191	60933102	2	395	5849.001	823.5747	250	1
2_Mef2Da2_5d_peak_5311_lociStitched	chr2	59828858	59831157	2	934	5361.0381	373.8174	251	1
3_Mef2Da2_5d_peak_3784_lociStitched	chr16	23497637	23502779	3	498	5688.5946	710.6244	252	1
2_Mef2Da2_5d_peak_4073_lociStitched	chr17	9968139	9976287	2	325	5965.1508	1016.8704	253	1
2_Mef2Da2_5d_peak_4985_lociStitched	chr19	37896299	37908126	2	264	6168.9632	1243.0177	254	1
4_Mef2Da2_5d_peak_3216_lociStitched	chr15	25637873	25642641	4	929	5780.2464	860.624	255	1
3_Mef2Da2_5d_peak_2254_lociStitched	chr12	100420298	100426462	3	534	5770.7368	858.0288	256	1
3_Mef2Da2_5d_peak_2264_lociStitched	chr12	101008121	101012750	3	639	5442.7782	548.5365	257	1
4_Mef2Da2_5d_peak_8625_lociStitched	chr8	81853210	81867278	4	1104	6779.3692	1889.3324	258	1
2_Mef2Da2_5d_peak_1650_lociStitched	chr11	77808339	77810944	2	295	5353.5355	471.505	259	1
2_Mef2Da2_5d_peak_1037_lociStitched	chr10	59821316	59825785	2	336	5458.4366	581.8638	260	1
3_Mef2Da2_5d_peak_3601_lociStitched	chr15	95802186	95804619	3	742	5364.5217	518.4723	261	1
2_Mef2Da2_5d_peak_1320_lociStitched	chr10	118709821	118722336	2	324	6406.4285	1560.6205	262	1
4_Mef2Da2_5d_peak_9009_lociStitched	chr9	49643151	49663497	4	612	7070.235	2258.406	263	1
2_Mef2Da2_5d_peak_5058_lociStitched	chr19	53731876	53739027	2	408	5752.9795	953.2283	264	1
2_Mef2Da2_5d_peak_6810_lociStitched	chr4	137367522	137376389	2	395	5741.3825	960.2961	265	1
2_Mef2Da2_5d_peak_7918_lociStitched	chr7	19933673	19945678	2	346	5778.0065	998.816	266	1
3_Mef2Da2_5d_peak_4407_lociStitched	chr17	84603228	84616073	3	546	6701.2365	1947.302	267	1
4_Mef2Da2_5d_peak_4565_lociStitched	chr18	35675490	35684631	4	936	5600.6907	863.8245	268	1
3_Mef2Da2_5d_peak_8716_lociStitched	chr8	95376552	95382966	3	552	5603.2704	877.4352	269	1
4_Mef2Da2_5d_peak_9018_lociStitched	chr9	49893566	49906852	4	1156	6112.8886	1393.7014	270	1
3_Mef2Da2_5d_peak_3828_lociStitched	chr16	30180984	30186503	3	485	5579.709	860.964	271	1
2_Mef2Da2_5d_peak_8581_lociStitched	chr8	71306183	71313000	2	608	5552.4465	837.1276	272	1
2_Mef2Da2_5d_peak_3287_lociStitched	chr15	36987279	36999945	2	353	6567.321	1860.6354	273	1
3_Mef2Da2_5d_peak_7198_lociStitched	chr5	103766544	103775734	3	492	5718.937	1016.414	274	1
3_Mef2Da2_5d_peak_7640_lociStitched	chr6	91619648	91621723	3	578	5037.0625	352.1275	275	1
2_Mef2Da2_5d_peak_5025_lociStitched	chr19	46186398	46194431	2	370	5630.3297	954.3204	276	1
2_Mef2Da2_5d_peak_4428_lociStitched	chr17	87309143	87317712	2	366	5771.2215	1106.2579	277	1
3_Mef2Da2_5d_peak_5195_lociStitched	chr2	31256095	31259843	3	420	5219.4648	555.4536	278	1
3_Mef2Da2_5d_peak_2406_lociStitched	chr13	29637842	29660969	3	831	7060.6731	2412.1461	279	1
4_Mef2Da2_5d_peak_7395_lociStitched	chr5	151065404	151071230	4	726	5292.921	650.1816	280	1
2_Mef2Da2_5d_peak_7341_lociStitched	chr5	135907357	135914469	2	492	5419.344	779.4752	281	1
2_Mef2Da2_5d_peak_6908_lociStitched	chr5	4234509	4246705	2	451	6058.9728	1442.7868	282	1
3_Mef2Da2_5d_peak_6530_lociStitched	chr4	62732980	62739888	3	493	5420.7076	806.8544	283	1
3_Mef2Da2_5d_peak_3774_lociStitched	chr16	22108262	22119131	3	690	5793.177	1192.3293	284	1
4_Mef2Da2_5d_peak_7032_lociStitched	chr5	38541737	38549941	4	990	5764.9508	1166.6088	285	1
2_Mef2Da2_5d_peak_3512_lociStitched	chr15	77163541	77174265	2	323	6311.074	1724.4192	286	1
3_Mef2Da2_5d_peak_4934_lociStitched	chr19	25426491	25428576	3	629	4923.7275	354.6585	287	1
2_Mef2Da2_5d_peak_3442_lociStitched	chr15	64105901	64117871	2	452	6165.747	1611.162	288	1
3_Mef2Da2_5d_peak_977_lociStitched	chr10	41817059	41830740	3	575	6309.6772	1764.849	289	1
2_Mef2Da2_5d_peak_8618_lociStitched	chr8	79600521	79613194	2	370	6265.5312	1722.2607	290	1
4_Mef2Da2_5d_peak_2175_lociStitched	chr12	85436183	85456048	4	1039	6875.2765	2346.0565	291	1
2_Mef2Da2_5d_peak_2799_lociStitched	chr13	110633332	110643908	2	394	5549.2272	1040.6784	292	1
2_Mef2Da2_5d_peak_1094_lociStitched	chr10	68090292	68103054	2	539	5939.4348	1437.0012	293	1
2_Mef2Da2_5d_peak_8708_lociStitched	chr8	94569457	94572082	2	386	4876.725	380.1	294	1
4_Mef2Da2_5d_peak_610_lociStitched	chr1	163221852	163235880	4	734	6250.8768	1782.9588	295	1
2_Mef2Da2_5d_peak_3507_lociStitched	chr15	77031433	77036915	2	346	5324.6666	888.084	296	1
3_Mef2Da2_5d_peak_7841_lociStitched	chr6	145968954	145978050	3	498	5269.3128	845.0184	297	1
2_Mef2Da2_5d_peak_8087_lociStitched	chr7	75384526	75395157	2	301	5277.2284	862.1741	298	1
2_Mef2Da2_5d_peak_719_lociStitched	chr1	181550035	181553095	2	394	4888.962	489.6	299	1
2_Mef2Da2_5d_peak_6363_lociStitched	chr4	9057714	9068209	2	400	5731.3195	1339.162	300	1
3_Mef2Da2_5d_peak_729_lociStitched	chr1	182520481	182537141	3	526	6470.744	2082.5	301	1
2_Mef2Da2_5d_peak_6660_lociStitched	chr4	106571258	106581685	2	427	5709.8252	1322.1436	302	1
3_Mef2Da2_5d_peak_6884_lociStitched	chr4	150798909	150808890	3	589	5499.531	1113.8796	303	1
3_Mef2Da2_5d_peak_2526_lociStitched	chr13	46488501	46497564	3	346	5790.3507	1405.6713	304	1
3_Mef2Da2_5d_peak_853_lociStitched	chr10	15392234	15406451	3	454	5827.5483	1468.6161	305	1
3_Mef2Da2_5d_peak_4259_lociStitched	chr17	48436510	48445650	3	499	5323.136	966.098	306	1
2_Mef2Da2_5d_peak_3421_lociStitched	chr15	62321070	62328630	2	284	5639.004	1287.468	307	1
3_Mef2Da2_5d_peak_27_lociStitched	chr1	16996087	17008032	3	424	5780.1855	1447.734	308	1
3_Mef2Da2_5d_peak_8559_lociStitched	chr8	61908565	61921971	3	749	6000.5256	1675.75	309	1
3_Mef2Da2_5d_peak_8293_lociStitched	chr7	126236314	126251997	3	521	5638.0385	1322.0769	310	1
3_Mef2Da2_5d_peak_480_lociStitched	chr1	135990129	136000112	3	499	5529.5837	1225.9124	311	1
3_Mef2Da2_5d_peak_208_lociStitched	chr1	72197133	72215001	3	527	6137.658	1842.1908	312	1
2_Mef2Da2_5d_peak_7716_lociStitched	chr6	114833151	114839146	2	286	5039.397	743.9795	313	1
2_Mef2Da2_5d_peak_576_lociStitched	chr1	157003081	157008488	2	339	5088.5277	801.3174	314	1
2_Mef2Da2_5d_peak_469_lociStitched	chr1	135471884	135480181	2	268	5139.1618	860.3989	315	1
2_Mef2Da2_5d_peak_6735_lociStitched	chr4	123588764	123594015	2	373	4907.5846	632.2204	316	1
2_Mef2Da2_5d_peak_5009_lociStitched	chr19	41935990	41948119	2	253	5918.952	1649.544	317	1
3_Mef2Da2_5d_peak_9382_lociStitched	chr9	123809766	123818895	3	461	5324.9457	1057.1382	318	1
3_Mef2Da2_5d_peak_6743_lociStitched	chr4	123810590	123814466	3	664	4834.5348	577.1364	319	1
3_Mef2Da2_5d_peak_7455_lociStitched	chr6	30355745	30360399	3	750	4831.7828	594.7812	320	1
2_Mef2Da2_5d_peak_6318_lociStitched	chr3	144665050	144669852	2	584	4772.7078	550.3092	321	1
3_Mef2Da2_5d_peak_7015_lociStitched	chr5	35903592	35908251	3	521	4761.0321	580.0455	322	1
3_Mef2Da2_5d_peak_4168_lociStitched	chr17	29434676	29440293	3	506	4842.9774	668.423	323	1
2_Mef2Da2_5d_peak_7653_lociStitched	chr6	94236769	94241568	2	369	4806.1985	673.2997	324	1
3_Mef2Da2_5d_peak_6221_lociStitched	chr3	122695973	122704971	3	628	5217.0404	1104.9544	325	1
2_Mef2Da2_5d_peak_4684_lociStitched	chr18	62009099	62017611	2	418	4973.5616	879.2896	326	1
4_Mef2Da2_5d_peak_3494_lociStitched	chr15	76021119	76030256	4	681	5396.3122	1304.7636	327	1
2_Mef2Da2_5d_peak_1517_lociStitched	chr11	53306896	53309231	2	492	4502.814	418.899	328	1
2_Mef2Da2_5d_peak_5318_lociStitched	chr2	60601020	60610114	2	377	5223.5936	1143.1158	329	1
2_Mef2Da2_5d_peak_6297_lociStitched	chr3	138054008	138061876	2	388	4995.3932	919.7692	330	1
2_Mef2Da2_5d_peak_3210_lociStitched	chr15	25449017	25460200	2	339	5502.036	1461.6181	331	1
2_Mef2Da2_5d_peak_2306_lociStitched	chr12	112981915	112985255	2	658	4478.272	442.884	332	1
2_Mef2Da2_5d_peak_6875_lociStitched	chr4	150005378	150012317	2	434	4792.0734	763.29	333	1
2_Mef2Da2_5d_peak_9475_lociStitched	chrX	96122024	96127002	2	337	4814.7216	793.4932	334	1
3_Mef2Da2_5d_peak_9207_lociStitched	chr9	84177143	84183967	3	756	4614.3888	593.688	335	1
2_Mef2Da2_5d_peak_4183_lociStitched	chr17	31729214	31731407	2	524	4382.4912	364.9152	336	1
3_Mef2Da2_5d_peak_9444_lociStitched	chrX	53162735	53180181	3	755	5877.5574	1870.2112	337	1
2_Mef2Da2_5d_peak_7563_lociStitched	chr6	72109068	72112847	2	424	4563.8983	565.7163	338	1
2_Mef2Da2_5d_peak_5045_lociStitched	chr19	47448753	47450800	2	444	4237.4947	251.1669	339	1
4_Mef2Da2_5d_peak_8856_lociStitched	chr8	125286262	125293322	4	767	4716.786	734.24	340	1
4_Mef2Da2_5d_peak_2096_lociStitched	chr12	73402302	73404331	4	1148	4259.8855	282.2339	341	1
4_Mef2Da2_5d_peak_8400_lociStitched	chr8	11372282	11383598	4	666	5543.7084	1577.4504	342	1
2_Mef2Da2_5d_peak_3300_lociStitched	chr15	38908394	38920056	2	457	5579.1008	1614.0208	343	1
2_Mef2Da2_5d_peak_4173_lociStitched	chr17	29819140	29829282	2	315	5258.627	1303.247	344	1
3_Mef2Da2_5d_peak_101_lociStitched	chr1	43253075	43260763	3	471	5054.0912	1101.6904	345	1
2_Mef2Da2_5d_peak_1653_lociStitched	chr11	79055259	79060074	2	441	4640.697	688.545	346	1
2_Mef2Da2_5d_peak_299_lociStitched	chr1	87856842	87866941	2	578	5273.6978	1345.1868	347	1
2_Mef2Da2_5d_peak_2867_lociStitched	chr14	20783023	20786962	2	368	4407.741	486.0726	348	1
2_Mef2Da2_5d_peak_1212_lociStitched	chr10	86302727	86313888	2	563	5763.5404	1844.9133	349	1
2_Mef2Da2_5d_peak_3661_lociStitched	chr15	99796555	99802126	2	660	4596.6321	689.6898	350	1
3_Mef2Da2_5d_peak_5956_lociStitched	chr3	55191735	55195897	3	832	4530.337	624.7162	351	1
3_Mef2Da2_5d_peak_8456_lociStitched	chr8	31117541	31121574	3	696	4389.1139	483.5567	352	1
2_Mef2Da2_5d_peak_5032_lociStitched	chr19	46927112	46934397	2	566	4825.584	936.1225	353	1
2_Mef2Da2_5d_peak_8189_lociStitched	chr7	100910096	100918443	2	289	4725.2367	874.7656	354	1
2_Mef2Da2_5d_peak_9087_lociStitched	chr9	59528011	59534343	2	444	4568.538	731.9792	355	1
3_Mef2Da2_5d_peak_5991_lociStitched	chr3	65435208	65443936	3	530	4819.6016	990.628	356	1
2_Mef2Da2_5d_peak_9125_lociStitched	chr9	66245791	66249536	2	344	4254.32	427.3045	357	1
3_Mef2Da2_5d_peak_2773_lociStitched	chr13	103970031	103978506	3	442	4735.83	910.215	358	1
2_Mef2Da2_5d_peak_4245_lociStitched	chr17	46273860	46278053	2	539	4352.7533	543.8321	359	1
2_Mef2Da2_5d_peak_6860_lociStitched	chr4	148909699	148913087	2	330	4145.218	355.74	360	1
2_Mef2Da2_5d_peak_830_lociStitched	chr10	12821468	12824116	2	407	4220.3824	441.1568	361	1
2_Mef2Da2_5d_peak_8011_lociStitched	chr7	49334215	49343598	2	584	4563.8912	790.9869	362	1
2_Mef2Da2_5d_peak_8632_lociStitched	chr8	82960168	82968465	2	622	4922.6101	1164.0691	363	1
3_Mef2Da2_5d_peak_738_lociStitched	chr1	183803526	183807242	3	576	4247.7596	498.6872	364	1
3_Mef2Da2_5d_peak_4792_lociStitched	chr18	75654783	75656822	3	478	4029.4718	286.8873	365	1
4_Mef2Da2_5d_peak_8217_lociStitched	chr7	110631705	110649601	4	812	5248.8968	1510.4224	366	1
2_Mef2Da2_5d_peak_5918_lociStitched	chr3	41194158	41195581	2	312	3959.3552	225.9724	367	1
2_Mef2Da2_5d_peak_8081_lociStitched	chr7	74381786	74391851	2	602	4582.5945	900.8175	368	1
2_Mef2Da2_5d_peak_2709_lociStitched	chr13	97010135	97022218	2	463	4828.3668	1150.3016	369	1
3_Mef2Da2_5d_peak_4331_lociStitched	chr17	67150559	67171643	3	538	5989.9644	2323.4568	370	1
2_Mef2Da2_5d_peak_7111_lociStitched	chr5	66547026	66550608	2	440	4251.1176	608.5818	371	1
2_Mef2Da2_5d_peak_5970_lociStitched	chr3	57527311	57536053	2	448	4791.4902	1150.4472	372	1
2_Mef2Da2_5d_peak_1039_lociStitched	chr10	59901033	59908252	2	508	4397.0929	765.214	373	1
2_Mef2Da2_5d_peak_1634_lociStitched	chr11	75620497	75624519	2	342	4104.8532	475.4004	374	1
2_Mef2Da2_5d_peak_7291_lociStitched	chr5	123136116	123137828	2	497	3842.4128	217.424	375	1
3_Mef2Da2_5d_peak_3318_lociStitched	chr15	41908751	41917074	3	476	4739.9485	1126.1019	376	1
2_Mef2Da2_5d_peak_2155_lociStitched	chr12	81668618	81680409	2	225	4789.5042	1190.891	377	1
3_Mef2Da2_5d_peak_447_lociStitched	chr1	134099122	134101199	3	664	3928.6455	345.8205	378	1
2_Mef2Da2_5d_peak_1816_lociStitched	chr11	103378479	103382230	2	297	4015.0704	453.871	379	1
2_Mef2Da2_5d_peak_8486_lociStitched	chr8	40647559	40655661	2	304	4359.6862	803.7184	380	1
2_Mef2Da2_5d_peak_8795_lociStitched	chr8	118286665	118290613	2	760	4042.752	494.2896	381	1
2_Mef2Da2_5d_peak_8182_lociStitched	chr7	99295194	99307111	2	579	4281.7781	741.2374	382	1
2_Mef2Da2_5d_peak_3538_lociStitched	chr15	80024414	80025870	2	365	3820.2528	284.5024	383	1
3_Mef2Da2_5d_peak_5856_lociStitched	chr3	21952696	21964229	3	587	4948.8103	1413.9458	384	1
2_Mef2Da2_5d_peak_2893_lociStitched	chr14	25484210	25488261	2	269	4042.4929	507.9954	385	1
2_Mef2Da2_5d_peak_8700_lociStitched	chr8	93569397	93570475	2	880	3759.2016	230.2608	386	1
3_Mef2Da2_5d_peak_3898_lociStitched	chr16	44215601	44221766	3	682	4459.1445	939.546	387	1
3_Mef2Da2_5d_peak_2120_lociStitched	chr12	78952085	78959173	3	414	4248.5472	732.8992	388	1
3_Mef2Da2_5d_peak_5393_lociStitched	chr2	77033780	77043167	3	567	4705.7031	1200.5973	389	1
2_Mef2Da2_5d_peak_4291_lociStitched	chr17	56459065	56469153	2	258	4537.5824	1033.0112	390	1
3_Mef2Da2_5d_peak_5289_lociStitched	chr2	52367875	52372843	3	599	4235.22	737.2512	391	1
3_Mef2Da2_5d_peak_2199_lociStitched	chr12	86816341	86818464	3	730	3860.4632	364.7314	392	1
2_Mef2Da2_5d_peak_4033_lociStitched	chr17	4494521	4498643	2	485	3917.961	446.0004	393	1
3_Mef2Da2_5d_peak_2413_lociStitched	chr13	30230055	30242656	3	594	4887.9279	1423.913	394	1
3_Mef2Da2_5d_peak_8755_lociStitched	chr8	107499073	107503544	3	402	3991.7088	532.9432	395	1
2_Mef2Da2_5d_peak_3186_lociStitched	chr15	10923410	10928993	2	375	4285.5108	827.4006	396	1
3_Mef2Da2_5d_peak_2801_lociStitched	chr13	110924085	110941917	3	727	5240.8248	1797.4656	397	1
2_Mef2Da2_5d_peak_3663_lociStitched	chr15	99834790	99837894	2	282	3889.9328	450.3904	398	1
2_Mef2Da2_5d_peak_379_lociStitched	chr1	120035606	120038907	2	447	3866.4613	431.4407	399	1
3_Mef2Da2_5d_peak_5642_lociStitched	chr2	132286544	132292371	3	600	4083.5616	650.8759	400	1
2_Mef2Da2_5d_peak_6361_lociStitched	chr4	8945318	8954796	2	391	4465.0858	1033.102	401	1
2_Mef2Da2_5d_peak_7735_lociStitched	chr6	116642333	116644654	2	409	3796.9239	365.5575	402	1
3_Mef2Da2_5d_peak_6030_lociStitched	chr3	83954027	83970881	3	529	5231.4816	1826.9736	403	1
3_Mef2Da2_5d_peak_6867_lociStitched	chr4	149834983	149845244	3	471	4673.8855	1272.364	404	1
2_Mef2Da2_5d_peak_4185_lociStitched	chr17	31747015	31748536	2	346	3648.5748	249.9003	405	1
2_Mef2Da2_5d_peak_3568_lociStitched	chr15	83165069	83166870	2	225	3764.9905	366.3234	406	1
2_Mef2Da2_5d_peak_3250_lociStitched	chr15	28158741	28162820	2	501	4069.2104	680.7851	407	1
3_Mef2Da2_5d_peak_4526_lociStitched	chr18	24809593	24819635	3	676	4598.2318	1213.0736	408	1
2_Mef2Da2_5d_peak_5935_lociStitched	chr3	51481191	51493806	2	364	4656.1965	1277.8995	409	1
3_Mef2Da2_5d_peak_4720_lociStitched	chr18	65565708	65572470	3	683	4128.201	755.9916	410	1
3_Mef2Da2_5d_peak_7912_lociStitched	chr7	19332049	19342426	3	908	4032.5022	674.505	411	1
3_Mef2Da2_5d_peak_3734_lociStitched	chr16	11507328	11527244	3	516	5385.2864	2037.4068	412	1
5_Mef2Da2_5d_peak_4700_lociStitched	chr18	64699879	64721510	5	791	5442.3596	2096.0439	413	1
2_Mef2Da2_5d_peak_5193_lociStitched	chr2	31189690	31191941	2	634	3685.3372	342.152	414	1
2_Mef2Da2_5d_peak_2140_lociStitched	chr12	80366275	80374963	2	435	4331.8368	988.6944	415	1
3_Mef2Da2_5d_peak_1986_lociStitched	chr12	24963367	24971156	3	525	4311.9904	974.4039	416	1
2_Mef2Da2_5d_peak_8775_lociStitched	chr8	111711201	111717340	2	374	4078.1377	747.7302	417	1
2_Mef2Da2_5d_peak_5525_lociStitched	chr2	113971623	113981026	2	462	4630.0372	1307.017	418	1
2_Mef2Da2_5d_peak_1184_lociStitched	chr10	84335606	84339097	2	422	3840.4491	528.5374	419	1
2_Mef2Da2_5d_peak_4351_lociStitched	chr17	70794558	70797552	2	321	3667.0512	356.286	420	1
2_Mef2Da2_5d_peak_7951_lociStitched	chr7	30008145	30010130	2	521	3589.277	280.679	421	1
2_Mef2Da2_5d_peak_6616_lociStitched	chr4	95158765	95161586	2	276	3656.5802	362.2164	422	1
2_Mef2Da2_5d_peak_5172_lociStitched	chr2	28219035	28228061	2	340	4543.6884	1260.9322	423	1
4_Mef2Da2_5d_peak_2717_lociStitched	chr13	97764148	97776881	4	759	4946.7705	1670.5696	424	1
2_Mef2Da2_5d_peak_3730_lociStitched	chr16	11012755	11025175	2	286	4569.318	1297.89	425	1
2_Mef2Da2_5d_peak_331_lociStitched	chr1	91095395	91099134	2	279	3690.0191	423.6287	426	1
2_Mef2Da2_5d_peak_4507_lociStitched	chr18	23511692	23517234	2	672	4048.431	788.6266	427	1
2_Mef2Da2_5d_peak_776_lociStitched	chr1	191224383	191230892	2	620	4072.0304	814.9268	428	1
2_Mef2Da2_5d_peak_3440_lociStitched	chr15	63957553	63965690	2	443	4338.6484	1087.9169	429	1
2_Mef2Da2_5d_peak_6830_lociStitched	chr4	139205032	139214257	2	385	4370.805	1120.8375	430	1
2_Mef2Da2_5d_peak_5522_lociStitched	chr2	113618428	113623363	2	417	3837.9495	599.6025	431	1
3_Mef2Da2_5d_peak_5605_lociStitched	chr2	126053684	126065508	3	617	4407.9872	1181.2176	432	1
2_Mef2Da2_5d_peak_9326_lociStitched	chr9	114111281	114114450	2	341	3540.4068	319.4352	433	1
3_Mef2Da2_5d_peak_4099_lociStitched	chr17	12751338	12759116	3	635	4141.785	926.3598	434	1
2_Mef2Da2_5d_peak_1896_lociStitched	chr11	116100422	116104367	2	470	3678.7125	467.4825	435	1
2_Mef2Da2_5d_peak_1567_lociStitched	chr11	62637001	62642229	2	314	3822.1908	622.6548	436	1
2_Mef2Da2_5d_peak_2133_lociStitched	chr12	79828948	79840673	2	280	4568.06	1372.9975	437	1
3_Mef2Da2_5d_peak_588_lociStitched	chr1	160520755	160535170	3	618	4803.078	1626.012	438	1
2_Mef2Da2_5d_peak_7008_lociStitched	chr5	35060261	35071243	2	329	4277.489	1102.5928	439	1
3_Mef2Da2_5d_peak_3063_lociStitched	chr14	70930733	70934837	3	565	3854.4768	693.9864	440	1
4_Mef2Da2_5d_peak_2984_lociStitched	chr14	54997415	55005760	4	661	3956.3645	806.127	441	1
3_Mef2Da2_5d_peak_5164_lociStitched	chr2	27096779	27112855	3	540	5059.1172	1913.044	442	1
2_Mef2Da2_5d_peak_3803_lociStitched	chr16	24561584	24569937	2	560	4139.7468	1002.36	443	1
2_Mef2Da2_5d_peak_4958_lociStitched	chr19	32169689	32179745	2	656	4209.4416	1090.0704	444	1
2_Mef2Da2_5d_peak_5483_lociStitched	chr2	103662203	103670496	2	439	4076.8388	957.8415	445	1
2_Mef2Da2_5d_peak_3297_lociStitched	chr15	38542772	38544396	2	732	3447.4272	345.912	446	1
4_Mef2Da2_5d_peak_1006_lociStitched	chr10	45262378	45276741	4	559	5041.413	1940.4413	447	1
2_Mef2Da2_5d_peak_3241_lociStitched	chr15	27942203	27953885	2	236	5093.352	2003.463	448	1
3_Mef2Da2_5d_peak_1554_lociStitched	chr11	59138672	59149659	3	723	4303.6079	1215.1622	449	1
3_Mef2Da2_5d_peak_2520_lociStitched	chr13	46282700	46286124	3	411	3530.144	446.4896	450	1
2_Mef2Da2_5d_peak_4626_lociStitched	chr18	52558755	52571226	2	370	4152.843	1071.2589	451	1
2_Mef2Da2_5d_peak_6049_lociStitched	chr3	85952784	85956014	2	301	3573.349	493.221	452	1
2_Mef2Da2_5d_peak_657_lociStitched	chr1	172242358	172246826	2	628	3594.9528	524.5432	453	1
2_Mef2Da2_5d_peak_7374_lociStitched	chr5	143558839	143562129	2	640	3537.408	468.825	454	1
2_Mef2Da2_5d_peak_1146_lociStitched	chr10	78297901	78300210	2	370	3520.5323	452.7949	455	1
2_Mef2Da2_5d_peak_6047_lociStitched	chr3	85846373	85859249	2	692	4482.1356	1421.5104	456	1
2_Mef2Da2_5d_peak_3096_lociStitched	chr14	76947310	76951798	2	474	3791.9112	731.9928	457	1
2_Mef2Da2_5d_peak_4671_lociStitched	chr18	61505233	61510541	2	959	3660.9276	601.3964	458	1
3_Mef2Da2_5d_peak_8451_lociStitched	chr8	27264395	27272646	3	691	3939.0274	885.3323	459	1
3_Mef2Da2_5d_peak_2188_lociStitched	chr12	85958506	85960058	3	548	3314.4512	268.8064	460	1
2_Mef2Da2_5d_peak_4678_lociStitched	chr18	61778605	61790238	2	373	4157.6342	1119.0946	461	1
2_Mef2Da2_5d_peak_1304_lociStitched	chr10	116261083	116266813	2	500	3761.172	733.44	462	1
2_Mef2Da2_5d_peak_4211_lociStitched	chr17	35543388	35549731	2	665	3887.6247	874.6997	463	1
2_Mef2Da2_5d_peak_4651_lociStitched	chr18	57245133	57249920	2	638	3605.0897	599.8111	464	1
2_Mef2Da2_5d_peak_2180_lociStitched	chr12	85541334	85543317	2	280	3339.7686	343.8522	465	1
2_Mef2Da2_5d_peak_2412_lociStitched	chr13	30191912	30199205	2	333	3796.0065	803.6886	466	1
2_Mef2Da2_5d_peak_7962_lociStitched	chr7	34320123	34327855	2	376	3806.4636	826.5508	467	1
3_Mef2Da2_5d_peak_9359_lociStitched	chr9	121341841	121346912	3	528	3510.6533	549.6964	468	1
2_Mef2Da2_5d_peak_987_lociStitched	chr10	42888346	42892551	2	322	3530.0975	587.4385	469	1
4_Mef2Da2_5d_peak_4126_lociStitched	chr17	17592853	17609791	4	746	4453.0002	1544.7456	470	1
4_Mef2Da2_5d_peak_9279_lociStitched	chr9	103430488	103432598	4	983	3175.339	277.887	471	1
3_Mef2Da2_5d_peak_7978_lociStitched	chr7	44472236	44473470	3	502	3029.9636	134.2592	472	1
2_Mef2Da2_5d_peak_550_lociStitched	chr1	153280556	153292516	2	397	4238.624	1349.088	473	1
2_Mef2Da2_5d_peak_292_lociStitched	chr1	86470483	86472563	2	775	3181.568	297.648	474	1
2_Mef2Da2_5d_peak_8007_lociStitched	chr7	48870303	48875370	2	447	3191.1966	314.6607	475	1
2_Mef2Da2_5d_peak_5439_lociStitched	chr2	91296102	91299383	2	316	3189.4601	336.9587	476	1
2_Mef2Da2_5d_peak_405_lociStitched	chr1	128782652	128787518	2	263	3342.4554	492.4392	477	1
3_Mef2Da2_5d_peak_8981_lociStitched	chr9	41078368	41092384	3	375	4103.8848	1262.8416	478	1
2_Mef2Da2_5d_peak_8496_lociStitched	chr8	45525514	45529193	2	354	3365.9171	532.3513	479	1
3_Mef2Da2_5d_peak_2560_lociStitched	chr13	51313432	51314874	3	514	3070.739	239.6604	480	1
2_Mef2Da2_5d_peak_152_lociStitched	chr1	59433408	59444589	2	475	4174.9854	1348.4286	481	1
3_Mef2Da2_5d_peak_9373_lociStitched	chr9	123294672	123305281	3	431	3838.3362	1017.4031	482	1
2_Mef2Da2_5d_peak_5524_lociStitched	chr2	113944054	113952702	2	335	3727.288	909.7696	483	1
2_Mef2Da2_5d_peak_7041_lociStitched	chr5	43081954	43094677	2	446	3939.0408	1127.2578	484	1
3_Mef2Da2_5d_peak_1105_lociStitched	chr10	68956717	68965841	3	910	4394.1184	1584.8388	485	1
2_Mef2Da2_5d_peak_84_lociStitched	chr1	39458005	39461552	2	329	3152.9283	344.4137	486	1
2_Mef2Da2_5d_peak_471_lociStitched	chr1	135590880	135594335	2	473	3231.116	426.0015	487	1
2_Mef2Da2_5d_peak_1942_lociStitched	chr12	8509690	8511276	2	473	3091.7484	290.238	488	1
2_Mef2Da2_5d_peak_7448_lociStitched	chr6	29935902	29941274	2	227	3477.8328	676.3348	489	1
2_Mef2Da2_5d_peak_4679_lociStitched	chr18	61827342	61830924	2	399	3192.9948	397.9602	490	1
2_Mef2Da2_5d_peak_2603_lociStitched	chr13	60007805	60012688	2	256	3453.7459	659.205	491	1
3_Mef2Da2_5d_peak_1381_lociStitched	chr11	8443501	8445208	3	822	3023.6091	264.4143	492	1
2_Mef2Da2_5d_peak_5861_lociStitched	chr3	27503414	27505855	2	252	3102.0228	343.9369	493	1
2_Mef2Da2_5d_peak_1524_lociStitched	chr11	54122437	54126900	2	444	3331.1832	575.2807	494	1
2_Mef2Da2_5d_peak_7024_lociStitched	chr5	36713163	36715069	2	508	3079.143	326.6884	495	1
2_Mef2Da2_5d_peak_5115_lociStitched	chr2	7089177	7090848	2	472	2997.1056	248.3106	496	1
2_Mef2Da2_5d_peak_5076_lociStitched	chr19	57155658	57163614	2	362	3547.5804	801.1692	497	1
3_Mef2Da2_5d_peak_4747_lociStitched	chr18	68578229	68599774	3	605	4808.844	2066.1655	498	1
2_Mef2Da2_5d_peak_8050_lociStitched	chr7	66580838	66586708	2	409	3277.808	538.279	499	1
2_Mef2Da2_5d_peak_2547_lociStitched	chr13	49322310	49325036	2	389	3123.996	400.722	500	1
2_Mef2Da2_5d_peak_9118_lociStitched	chr9	65113514	65116306	2	445	3026.2488	322.476	501	1
2_Mef2Da2_5d_peak_6977_lociStitched	chr5	30993144	30995387	2	431	3073.5829	370.095	502	1
3_Mef2Da2_5d_peak_760_lociStitched	chr1	186584021	186587803	3	686	3283.9106	588.4792	503	1
2_Mef2Da2_5d_peak_7250_lociStitched	chr5	115530541	115535797	2	267	3268.7064	573.4296	504	1
3_Mef2Da2_5d_peak_8505_lociStitched	chr8	45915031	45917821	3	565	3010.41	323.361	505	1
3_Mef2Da2_5d_peak_3541_lociStitched	chr15	80070448	80074945	3	590	3366.0045	680.3961	506	1
2_Mef2Da2_5d_peak_3284_lociStitched	chr15	36855037	36855740	2	603	2889.8924	204.7136	507	1
3_Mef2Da2_5d_peak_1003_lociStitched	chr10	45192804	45217083	3	508	5547.7515	2867.3499	508	1
3_Mef2Da2_5d_peak_5870_lociStitched	chr3	28420279	28431749	3	497	4090.202	1411.957	509	1
2_Mef2Da2_5d_peak_3169_lociStitched	chr15	6056893	6058995	2	388	2980.0054	316.1408	510	1
2_Mef2Da2_5d_peak_3005_lociStitched	chr14	59572027	59575637	2	431	3072.832	412.262	511	1
3_Mef2Da2_5d_peak_2882_lociStitched	chr14	22649970	22651504	3	635	2873.3354	213.8396	512	1
2_Mef2Da2_5d_peak_7120_lociStitched	chr5	72895737	72905229	2	466	3724.6608	1082.088	513	1
2_Mef2Da2_5d_peak_1850_lociStitched	chr11	108101637	108104506	2	386	3135.5301	502.6488	514	1
3_Mef2Da2_5d_peak_5619_lociStitched	chr2	128753593	128762750	3	449	3565.7358	933.0983	515	1
2_Mef2Da2_5d_peak_4287_lociStitched	chr17	56261240	56262904	2	494	2914.9952	283.3792	516	1
2_Mef2Da2_5d_peak_7006_lociStitched	chr5	34976983	34989707	2	382	4186.196	1558.69	517	1
2_Mef2Da2_5d_peak_1400_lociStitched	chr11	12394273	12396532	2	492	3065.463	439.8273	518	1
3_Mef2Da2_5d_peak_8435_lociStitched	chr8	22489070	22492271	3	429	3006.6993	382.1994	519	1
2_Mef2Da2_5d_peak_7623_lociStitched	chr6	90316370	90319281	2	240	2993.6724	369.9881	520	1
3_Mef2Da2_5d_peak_4241_lociStitched	chr17	45911243	45919867	3	785	3427.1776	804.6192	521	1
2_Mef2Da2_5d_peak_28_lociStitched	chr1	17041293	17051870	2	513	3760.1235	1141.2583	522	1
3_Mef2Da2_5d_peak_8858_lociStitched	chr8	125341658	125351937	3	470	3767.2535	1150.2201	523	1
2_Mef2Da2_5d_peak_3692_lociStitched	chr15	103221542	103229163	2	378	3679.4188	1069.2263	524	1
2_Mef2Da2_5d_peak_2259_lociStitched	chr12	100528415	100533048	2	511	3149.5134	542.5243	525	1
2_Mef2Da2_5d_peak_5773_lociStitched	chr2	167376161	167384048	2	325	3356.7072	757.152	526	1
2_Mef2Da2_5d_peak_3524_lociStitched	chr15	78832930	78836581	2	245	3111.7473	518.442	527	1
2_Mef2Da2_5d_peak_7282_lociStitched	chr5	122578866	122585954	2	480	3485.8784	895.2144	528	1
2_Mef2Da2_5d_peak_6340_lociStitched	chr3	152143001	152145475	2	494	3005.4152	415.8794	529	1
2_Mef2Da2_5d_peak_7880_lociStitched	chr6	149343934	149355123	2	454	3742.7205	1156.9426	530	1
4_Mef2Da2_5d_peak_265_lociStitched	chr1	80219596	80225095	4	712	3197.6685	621.9369	531	1
2_Mef2Da2_5d_peak_7783_lociStitched	chr6	128046862	128053531	2	426	3319.8282	744.2604	532	1
2_Mef2Da2_5d_peak_7318_lociStitched	chr5	125269047	125274065	2	511	3178.903	607.6798	533	1
3_Mef2Da2_5d_peak_9038_lociStitched	chr9	52261781	52281294	3	603	4396.2789	1830.3194	534	1
2_Mef2Da2_5d_peak_708_lociStitched	chr1	180604683	180607344	2	459	2922.5763	359.5011	535	1
2_Mef2Da2_5d_peak_6522_lociStitched	chr4	58462746	58464772	2	338	2939.9286	382.1036	536	1
3_Mef2Da2_5d_peak_7604_lociStitched	chr6	87868990	87875391	3	581	3308.0368	771.9606	537	1
2_Mef2Da2_5d_peak_2466_lociStitched	chr13	37650701	37658108	2	474	3402.7758	883.6551	538	1
2_Mef2Da2_5d_peak_1802_lociStitched	chr11	102433135	102442052	2	332	3356.3588	841.7648	539	1
3_Mef2Da2_5d_peak_1422_lociStitched	chr11	22438012	22441406	3	484	2997.9202	496.5422	540	1
3_Mef2Da2_5d_peak_2435_lociStitched	chr13	32770015	32776854	3	864	3235.5309	737.9281	541	1
2_Mef2Da2_5d_peak_12_lociStitched	chr1	12276371	12288106	2	338	3708.26	1220.44	542	1
2_Mef2Da2_5d_peak_9049_lociStitched	chr9	56094031	56098250	2	305	2832.6366	345.1142	543	1
2_Mef2Da2_5d_peak_1979_lociStitched	chr12	21144789	21156526	2	223	3504.6682	1017.5979	544	1
2_Mef2Da2_5d_peak_3504_lociStitched	chr15	77013875	77015207	2	506	2830.8996	346.5864	545	1
2_Mef2Da2_5d_peak_973_lociStitched	chr10	41606715	41608713	2	512	2742.0552	275.5242	546	1
2_Mef2Da2_5d_peak_1384_lociStitched	chr11	8579806	8584551	2	466	3126.006	659.555	547	1
2_Mef2Da2_5d_peak_1436_lociStitched	chr11	29774400	29778498	2	654	3037.4376	576.1788	548	1
2_Mef2Da2_5d_peak_4586_lociStitched	chr18	39230456	39241195	2	371	3628.7081	1168.4032	549	1
3_Mef2Da2_5d_peak_6262_lociStitched	chr3	129161811	129166222	3	525	3195.3284	739.7247	550	1
3_Mef2Da2_5d_peak_4411_lociStitched	chr17	84926340	84943058	3	564	4161.1102	1708.5796	551	1
2_Mef2Da2_5d_peak_8609_lociStitched	chr8	79206915	79208845	2	287	2776.884	326.556	552	1
2_Mef2Da2_5d_peak_2422_lociStitched	chr13	31468237	31473618	2	328	2942.8689	497.2044	553	1
2_Mef2Da2_5d_peak_4214_lociStitched	chr17	35813323	35816000	2	503	2724.6506	280.8173	554	1
3_Mef2Da2_5d_peak_3846_lociStitched	chr16	31287833	31291155	3	570	2818.717	379.3724	555	1
2_Mef2Da2_5d_peak_915_lociStitched	chr10	27378361	27384111	2	308	3325.225	895.275	556	1
2_Mef2Da2_5d_peak_4998_lociStitched	chr19	40429244	40432412	2	701	2927.5488	500.2272	557	1
3_Mef2Da2_5d_peak_6601_lociStitched	chr4	89036046	89041148	3	705	2995.3842	585.7096	558	1
2_Mef2Da2_5d_peak_5242_lociStitched	chr2	38395327	38403467	2	329	3544.97	1143.67	559	1
3_Mef2Da2_5d_peak_6114_lociStitched	chr3	99294221	99297465	3	441	2871.2644	475.246	560	1
4_Mef2Da2_5d_peak_5508_lociStitched	chr2	112442808	112445800	4	961	2760.4192	368.6144	561	1
2_Mef2Da2_5d_peak_450_lociStitched	chr1	134160439	134161971	2	647	2625.5416	237.9196	562	1
3_Mef2Da2_5d_peak_8147_lociStitched	chr7	89641416	89648110	3	459	3045.77	662.706	563	1
2_Mef2Da2_5d_peak_8635_lociStitched	chr8	83574764	83576225	2	523	2689.8471	307.5405	564	1
2_Mef2Da2_5d_peak_8826_lociStitched	chr8	122229978	122238504	2	330	3172.5246	792.0654	565	1
2_Mef2Da2_5d_peak_946_lociStitched	chr10	37335275	37342830	2	261	3391.4395	1013.1255	566	1
2_Mef2Da2_5d_peak_3416_lociStitched	chr15	61240291	61241996	2	395	2697.4805	321.222	567	1
2_Mef2Da2_5d_peak_2932_lociStitched	chr14	34447706	34458008	2	221	3475.8948	1104.3744	568	1
3_Mef2Da2_5d_peak_232_lociStitched	chr1	74312328	74321707	3	551	3325.7934	958.5338	569	1
2_Mef2Da2_5d_peak_5389_lociStitched	chr2	77013574	77020928	2	278	3382.1046	1020.7352	570	1
2_Mef2Da2_5d_peak_7352_lociStitched	chr5	136775770	136784756	2	326	3119.9392	778.1876	571	1
2_Mef2Da2_5d_peak_9405_lociStitched	chrX	12105341	12112371	2	369	3179.669	842.194	572	1
2_Mef2Da2_5d_peak_1161_lociStitched	chr10	80836913	80849032	2	400	3596.9192	1267.6474	573	1
2_Mef2Da2_5d_peak_1706_lociStitched	chr11	88394595	88405442	2	660	3383.1793	1054.3284	574	1
2_Mef2Da2_5d_peak_3393_lociStitched	chr15	59107461	59109388	2	388	2605.6894	279.0296	575	1
3_Mef2Da2_5d_peak_9354_lociStitched	chr9	120525486	120529320	3	371	2752.812	429.408	576	1
3_Mef2Da2_5d_peak_7519_lociStitched	chr6	53506588	53509428	3	851	2655.4	337.96	577	1
2_Mef2Da2_5d_peak_4774_lociStitched	chr18	70633717	70645157	2	320	3166.592	852.28	578	1
2_Mef2Da2_5d_peak_2712_lociStitched	chr13	97406972	97410831	2	295	2719.8232	407.1245	579	1
2_Mef2Da2_5d_peak_8003_lociStitched	chr7	48836956	48840779	2	351	2708.2132	398.7389	580	1
3_Mef2Da2_5d_peak_4170_lociStitched	chr17	29455551	29458206	3	597	2631.9015	325.2375	581	1
2_Mef2Da2_5d_peak_4356_lociStitched	chr17	71027150	71039104	2	300	3665.0964	1362.756	582	1
2_Mef2Da2_5d_peak_3248_lociStitched	chr15	28133200	28134435	2	742	2644.9995	350.3695	583	1
2_Mef2Da2_5d_peak_5404_lociStitched	chr2	77308187	77317238	2	253	3206.7693	913.2459	584	1
2_Mef2Da2_5d_peak_6487_lociStitched	chr4	53799148	53800646	2	349	2544.5028	258.7046	585	1
2_Mef2Da2_5d_peak_1197_lociStitched	chr10	84772725	84774993	2	606	2664.9	385.1064	586	1
2_Mef2Da2_5d_peak_8712_lociStitched	chr8	95159442	95163110	2	285	2711.3856	432.824	587	1
3_Mef2Da2_5d_peak_8106_lociStitched	chr7	80318768	80320020	3	418	2394.8256	116.9368	588	1
2_Mef2Da2_5d_peak_8309_lociStitched	chr7	128016223	128023764	2	265	2981.7114	705.8376	589	1
2_Mef2Da2_5d_peak_8915_lociStitched	chr9	15054115	15058112	2	458	2731.5498	456.4574	590	1
3_Mef2Da2_5d_peak_9340_lociStitched	chr9	118717551	118725444	3	509	3087.7416	812.979	591	1
2_Mef2Da2_5d_peak_7557_lociStitched	chr6	71757046	71757890	2	505	2400.4204	128.3724	592	1
2_Mef2Da2_5d_peak_4739_lociStitched	chr18	67745987	67755046	2	276	3138.9435	873.2876	593	1
2_Mef2Da2_5d_peak_6577_lociStitched	chr4	84015702	84017238	2	464	2450.2272	193.3824	594	1
2_Mef2Da2_5d_peak_5519_lociStitched	chr2	113174852	113186608	2	391	3470.3712	1215.5704	595	1
2_Mef2Da2_5d_peak_2952_lociStitched	chr14	46941935	46951197	2	314	3165.7516	912.307	596	1
2_Mef2Da2_5d_peak_1847_lociStitched	chr11	107731054	107731725	2	320	2386.0089	141.9836	597	1
1_Mef2Da2_5d_peak_7708_lociStitched	chr6	112861701	112862296	1	596	2371.6105	127.9845	598	1
3_Mef2Da2_5d_peak_2694_lociStitched	chr13	93975828	93989478	3	402	3525.795	1289.925	599	1
2_Mef2Da2_5d_peak_6017_lociStitched	chr3	79989280	79990835	2	359	2427.044	203.705	600	1
2_Mef2Da2_5d_peak_3293_lociStitched	chr15	38213645	38214596	2	380	2386.6296	164.1426	601	1
2_Mef2Da2_5d_peak_8523_lociStitched	chr8	48293939	48295905	2	372	2474.9974	252.631	602	1
2_Mef2Da2_5d_peak_9532_lociStitched	chrX	160598755	160604519	2	256	2857.2148	635.1928	603	1
2_Mef2Da2_5d_peak_4860_lociStitched	chr19	5944291	5945471	2	331	2382.42	161.896	604	1
3_Mef2Da2_5d_peak_9030_lociStitched	chr9	51239065	51242335	3	590	2576.76	359.373	605	1
2_Mef2Da2_5d_peak_2897_lociStitched	chr14	25735292	25736823	2	323	2427.5536	235.0085	606	1
2_Mef2Da2_5d_peak_6559_lociStitched	chr4	82166254	82168329	2	340	2525.4825	333.8675	607	1
2_Mef2Da2_5d_peak_5701_lociStitched	chr2	152904453	152905715	2	673	2401.7122	217.695	608	1
2_Mef2Da2_5d_peak_6289_lociStitched	chr3	135516955	135522251	2	469	2786.2256	609.5696	609	1
2_Mef2Da2_5d_peak_2735_lociStitched	chr13	99382433	99385145	2	291	2438.3592	262.2504	610	1
2_Mef2Da2_5d_peak_2322_lociStitched	chr13	4771130	4772564	2	544	2395.3536	221.4096	611	1
2_Mef2Da2_5d_peak_8443_lociStitched	chr8	25274403	25275089	2	230	2316.2104	143.374	612	1
2_Mef2Da2_5d_peak_3700_lociStitched	chr16	3956537	3959560	2	407	2638.7767	469.4719	613	1
2_Mef2Da2_5d_peak_4048_lociStitched	chr17	6827240	6828039	2	395	2294.8878	127.1209	614	1
2_Mef2Da2_5d_peak_5796_lociStitched	chr2	173452196	173464718	2	298	3731.556	1567.7544	615	1
2_Mef2Da2_5d_peak_1402_lociStitched	chr11	12429098	12434922	2	297	2806.0032	669.1776	616	1
2_Mef2Da2_5d_peak_1303_lociStitched	chr10	115332141	115332752	2	492	2303.7144	171.4466	617	1
2_Mef2Da2_5d_peak_3385_lociStitched	chr15	58870059	58876436	2	237	3189.1377	1064.3213	618	1
2_Mef2Da2_5d_peak_1529_lociStitched	chr11	54351832	54353395	2	386	2340.9051	217.7259	619	1
2_Mef2Da2_5d_peak_4322_lociStitched	chr17	65702251	65704001	2	343	2422.875	303.625	620	1
2_Mef2Da2_5d_peak_2871_lociStitched	chr14	20874067	20885425	2	399	3358.5606	1249.38	621	1
2_Mef2Da2_5d_peak_2762_lociStitched	chr13	102669996	102674409	2	419	2646.4761	537.5034	622	1
3_Mef2Da2_5d_peak_5834_lociStitched	chr3	19261107	19268361	3	551	2850.822	745.7112	623	1
