#Pbx1mt_peaks Enhancers
#Created from DYSE_OUT_1906232345_1/ROSE_OUTPUT/Pbx1mt_peaks/Pbx1mt_peaks_12KB_STITCHED_TSS_DISTAL_ENHANCER_REGION_MAP.txt
#Ranked by X2d_myotH3K27ac.bam
#Using cutoff of 3425.3384 for Super-Enhancers
#Created on Jun 24 2019 
REGION_ID	CHROM	START	STOP	NUM_LOCI	CONSTITUENT_SIZE	X2d_myotH3K27ac.bam	Input_MT_2d.bam	enhancerRank	isSuper
5_Pbx1mt_peak_7459_lociStitched	chr17	70728892	70755940	5	1032	63338.3016	3218.712	1	1
7_Pbx1mt_peak_7087_lociStitched	chr17	7620199	7665978	7	1902	56857.518	5479.7463	2	1
6_Pbx1mt_peak_14298_lociStitched	chr6	129215386	129242258	6	1839	47066.308	3133.2752	3	1
10_Pbx1mt_peak_3917_lociStitched	chr13	63106752	63136304	10	3565	42791.296	3235.944	4	1
4_Pbx1mt_peak_4027_lociStitched	chr13	70668620	70685510	4	1475	38546.358	1797.096	5	1
8_Pbx1mt_peak_19377_lociStitched	chrX	96113165	96135979	8	2862	38019.531	2858.5942	6	1
4_Pbx1mt_peak_9404_lociStitched	chr2	115764690	115781013	4	2110	33215.6727	1909.791	7	1
5_Pbx1mt_peak_6141_lociStitched	chr15	66842975	66867583	5	951	34645.6032	3521.4048	8	1
10_Pbx1mt_peak_6000_lociStitched	chr15	62314655	62344029	10	2653	34711.2558	4315.0406	9	1
8_Pbx1mt_peak_506_lociStitched	chr1	72944244	72979368	8	2289	33743.6268	3912.8136	10	1
5_Pbx1mt_peak_4374_lociStitched	chr13	110913704	110944390	5	1339	32858.5688	3271.1276	11	1
10_Pbx1mt_peak_11856_lociStitched	chr4	123588818	123625939	10	2746	33720.7164	4176.1125	12	1
7_Pbx1mt_peak_13004_lociStitched	chr5	21482438	21503276	7	2353	30875.6646	2540.1522	13	1
10_Pbx1mt_peak_91_lociStitched	chr1	20655121	20686231	10	6173	31617.093	3291.438	14	1
7_Pbx1mt_peak_597_lociStitched	chr1	81726467	81755958	7	2203	29549.982	3406.2105	15	1
4_Pbx1mt_peak_5338_lociStitched	chr15	26364330	26380279	4	1357	27504.0505	2559.8145	16	1
3_Pbx1mt_peak_5781_lociStitched	chr15	55119422	55139661	3	1103	27929.82	3110.7343	17	1
4_Pbx1mt_peak_1623_lociStitched	chr10	17347743	17368951	4	1220	27591.608	2913.9792	18	1
12_Pbx1mt_peak_5140_lociStitched	chr15	6983335	7035709	12	3675	32356.6572	7719.9276	19	1
5_Pbx1mt_peak_11323_lociStitched	chr4	57537885	57560364	5	1926	26504.9889	2555.8623	20	1
9_Pbx1mt_peak_5731_lociStitched	chr15	53101350	53139221	9	2214	29558.3155	5729.8823	21	1
8_Pbx1mt_peak_10192_lociStitched	chr3	54443969	54487645	8	1610	28441.8112	4695.17	22	1
3_Pbx1mt_peak_10745_lociStitched	chr3	121464917	121481940	3	779	25752.3944	2058.0807	23	1
3_Pbx1mt_peak_3066_lociStitched	chr12	88214735	88219863	3	819	24086.216	1384.56	24	1
4_Pbx1mt_peak_15709_lociStitched	chr8	54537242	54553390	4	1920	24302.74	1886.0864	25	1
10_Pbx1mt_peak_3071_lociStitched	chr12	88243797	88263724	10	1943	26213.9685	4348.0714	26	1
7_Pbx1mt_peak_11416_lociStitched	chr4	64076307	64098428	7	2142	24275.5854	2583.7328	27	1
8_Pbx1mt_peak_13084_lociStitched	chr5	31860431	31888591	8	1942	24397.824	3410.176	28	1
7_Pbx1mt_peak_1803_lociStitched	chr10	31573334	31604168	7	1608	25138.9602	4184.1738	29	1
5_Pbx1mt_peak_4175_lociStitched	chr13	97764236	97789509	5	1255	23559.4906	2724.4294	30	1
12_Pbx1mt_peak_9996_lociStitched	chr3	21815708	21860163	12	4075	25517.17	4934.505	31	1
5_Pbx1mt_peak_7009_lociStitched	chr16	92941347	92963919	5	1118	22766.1192	2340.7164	32	1
6_Pbx1mt_peak_9451_lociStitched	chr2	117855771	117883408	6	1943	22778.4154	3064.9433	33	1
3_Pbx1mt_peak_6_lociStitched	chr1	6276954	6287603	3	544	21080.7604	1381.1753	34	1
5_Pbx1mt_peak_8737_lociStitched	chr2	13405014	13413758	5	1003	20843.0728	1197.928	35	1
5_Pbx1mt_peak_6105_lociStitched	chr15	64510560	64521285	5	1523	21276.255	1885.455	36	1
7_Pbx1mt_peak_190_lociStitched	chr1	40842408	40857533	7	1707	20945.1	1577.5375	37	1
4_Pbx1mt_peak_6231_lociStitched	chr15	77150501	77163861	4	1734	21358.632	2065.456	38	1
3_Pbx1mt_peak_18888_lociStitched	chr9	116368969	116383743	3	818	20779.631	1558.657	39	1
2_Pbx1mt_peak_13073_lociStitched	chr5	31630105	31637241	2	424	19933.7024	930.5344	40	1
6_Pbx1mt_peak_5448_lociStitched	chr15	33329423	33347322	6	1848	21502.0687	2613.254	41	1
3_Pbx1mt_peak_7945_lociStitched	chr18	47154806	47170165	3	855	20167.9029	1523.6128	42	1
7_Pbx1mt_peak_1859_lociStitched	chr10	39307359	39344338	7	1588	23289.3742	5077.2167	43	1
5_Pbx1mt_peak_204_lociStitched	chr1	43237489	43260167	5	1294	20691.4072	2555.8106	44	1
6_Pbx1mt_peak_5718_lociStitched	chr15	52961573	52968578	6	2690	19474.6005	1340.757	45	1
6_Pbx1mt_peak_15642_lociStitched	chr8	45596102	45611181	6	1862	19803.2507	1675.2769	46	1
3_Pbx1mt_peak_3894_lociStitched	chr13	60409715	60428358	3	1295	20190.369	2076.8302	47	1
7_Pbx1mt_peak_15647_lociStitched	chr8	45815370	45845136	7	2129	21154.6962	3045.0618	48	1
3_Pbx1mt_peak_1922_lociStitched	chr10	45299536	45312001	3	888	19385.568	1841.0805	49	1
4_Pbx1mt_peak_3364_lociStitched	chr13	12803314	12809884	4	986	19125.27	1765.359	50	1
2_Pbx1mt_peak_9958_lociStitched	chr3	19953890	19965003	2	1203	18493.1433	1420.2414	51	1
3_Pbx1mt_peak_3228_lociStitched	chr12	111846039	111864727	3	1051	18929.0752	1894.9632	52	1
6_Pbx1mt_peak_5483_lociStitched	chr15	34327784	34350574	6	1316	19831.858	2999.164	53	1
8_Pbx1mt_peak_5846_lociStitched	chr15	56017712	56054792	8	2419	22329.576	5602.788	54	1
10_Pbx1mt_peak_5204_lociStitched	chr15	10921166	10942167	10	3077	19453.2263	2990.5424	55	1
6_Pbx1mt_peak_9199_lociStitched	chr2	84633131	84646486	6	1466	17787.5245	1407.617	56	1
8_Pbx1mt_peak_13060_lociStitched	chr5	29842892	29894969	8	2079	22575.3795	6223.2015	57	1
3_Pbx1mt_peak_18264_lociStitched	chr9	35336011	35350447	3	785	17698.536	1395.9612	58	1
3_Pbx1mt_peak_5297_lociStitched	chr15	25386202	25397223	3	675	17806.6297	1561.6757	59	1
8_Pbx1mt_peak_5093_lociStitched	chr15	3707059	3725707	8	2515	18976.2048	2843.82	60	1
3_Pbx1mt_peak_9264_lociStitched	chr2	102947995	102958840	3	742	17314.0425	1182.105	61	1
5_Pbx1mt_peak_19036_lociStitched	chrX	19157567	19168416	5	1084	17447.3618	1398.4361	62	1
3_Pbx1mt_peak_2316_lociStitched	chr10	95465702	95476225	3	928	17119.8687	1256.4462	63	1
5_Pbx1mt_peak_11621_lociStitched	chr4	88950360	88959085	5	1511	16905.56	1052.235	64	1
6_Pbx1mt_peak_18976_lociStitched	chrX	7280875	7293769	6	2286	17280.5388	1467.3372	65	1
3_Pbx1mt_peak_11847_lociStitched	chr4	123422619	123426159	3	943	16299.93	502.68	66	1
11_Pbx1mt_peak_6043_lociStitched	chr15	63036047	63087150	11	3575	23154.7693	7461.038	67	1
4_Pbx1mt_peak_2799_lociStitched	chr12	52816482	52835708	4	1518	17935.9354	2249.442	68	1
6_Pbx1mt_peak_11354_lociStitched	chr4	58460398	58477916	6	1159	17470.7014	1970.775	69	1
7_Pbx1mt_peak_7513_lociStitched	chr17	75250704	75293918	7	1917	20055.6174	4615.2552	70	1
4_Pbx1mt_peak_18006_lociStitched	chr8	118137945	118162494	4	762	17078.7393	1949.1906	71	1
6_Pbx1mt_peak_7119_lociStitched	chr17	9744066	9770677	6	1559	17757.5203	2645.1334	72	1
2_Pbx1mt_peak_7248_lociStitched	chr17	31982870	31992349	2	510	16187.2883	1128.001	73	1
6_Pbx1mt_peak_3832_lociStitched	chr13	49470858	49493066	6	1655	17588.736	2640.5312	74	1
8_Pbx1mt_peak_4995_lociStitched	chr14	105359944	105388072	8	2653	18086.304	3175.6512	75	1
1_Pbx1mt_peak_2836_lociStitched	chr12	67059102	67059928	1	827	20764.6488	5937.4532	76	1
3_Pbx1mt_peak_5118_lociStitched	chr15	6055632	6059999	3	866	15282.7532	609.6332	77	1
3_Pbx1mt_peak_2625_lociStitched	chr12	9106513	9121454	3	773	16151.221	1831.7666	78	1
4_Pbx1mt_peak_3308_lociStitched	chr13	5837229	5845908	4	653	15367.9053	1051.0269	79	1
3_Pbx1mt_peak_11695_lociStitched	chr4	99161625	99181277	3	1440	16379.942	2212.8152	80	1
2_Pbx1mt_peak_4298_lociStitched	chr13	104460358	104468262	2	421	15171.728	1010.1312	81	1
5_Pbx1mt_peak_2802_lociStitched	chr12	52854115	52877389	5	1907	16720.0416	2602.0332	82	1
9_Pbx1mt_peak_9435_lociStitched	chr2	117652311	117686120	9	1992	17986.388	3928.6058	83	1
3_Pbx1mt_peak_5373_lociStitched	chr15	28131518	28134527	3	1573	14549.1168	506.1138	84	1
6_Pbx1mt_peak_11344_lociStitched	chr4	58268883	58290379	6	3329	16313.3144	2315.1192	85	1
6_Pbx1mt_peak_13595_lociStitched	chr5	143040814	143066718	6	1353	16941.216	3041.1296	86	1
4_Pbx1mt_peak_11005_lociStitched	chr3	146303157	146315769	4	1287	15298.356	1401.1932	87	1
5_Pbx1mt_peak_263_lociStitched	chr1	50962434	50981700	5	1672	16085.1834	2188.6176	88	1
3_Pbx1mt_peak_5130_lociStitched	chr15	6559337	6574878	3	730	16039.8661	2301.6221	89	1
5_Pbx1mt_peak_7071_lociStitched	chr17	6161081	6173678	5	1347	15141.594	1483.9266	90	1
7_Pbx1mt_peak_5474_lociStitched	chr15	34043248	34071973	7	3096	17907.165	4308.75	91	1
6_Pbx1mt_peak_1578_lociStitched	chr10	14036583	14055959	6	1749	16064.6416	2485.9408	92	1
5_Pbx1mt_peak_6437_lociStitched	chr15	103220875	103233395	5	1316	15299.44	1761.564	93	1
2_Pbx1mt_peak_867_lociStitched	chr1	134091913	134099585	2	320	14548.4136	1018.0744	94	1
4_Pbx1mt_peak_1151_lociStitched	chr1	163208677	163235721	4	2712	16583.3808	3358.8648	95	1
8_Pbx1mt_peak_6064_lociStitched	chr15	63397563	63434667	8	2224	18091.9104	4894.0176	96	1
3_Pbx1mt_peak_4895_lociStitched	chr14	76775508	76786485	3	734	14518.1802	1436.8893	97	1
6_Pbx1mt_peak_845_lociStitched	chr1	131427557	131461202	6	1174	17037.828	3983.568	98	1
11_Pbx1mt_peak_443_lociStitched	chr1	66922108	66957819	11	4697	16866.3053	3817.5059	99	1
5_Pbx1mt_peak_13871_lociStitched	chr6	42385741	42397437	5	1162	14363.8576	1353.2272	100	1
4_Pbx1mt_peak_11114_lociStitched	chr4	11989792	12009521	4	1390	15157.7907	2178.0816	101	1
3_Pbx1mt_peak_9691_lociStitched	chr2	148510527	148522384	3	931	14176.2292	1237.8708	102	1
4_Pbx1mt_peak_10777_lociStitched	chr3	123138282	123150810	4	1048	14258.1168	1335.4848	103	1
8_Pbx1mt_peak_6007_lociStitched	chr15	62468059	62501843	8	2843	17770.384	4935.8424	104	1
4_Pbx1mt_peak_2115_lociStitched	chr10	70419372	70428889	4	1092	13982.3764	1191.5284	105	1
2_Pbx1mt_peak_3234_lociStitched	chr12	113023112	113035348	2	483	13985.748	1301.9104	106	1
6_Pbx1mt_peak_9615_lociStitched	chr2	135848131	135875810	6	2392	15688.4572	3017.011	107	1
4_Pbx1mt_peak_14367_lociStitched	chr6	146941786	146973787	4	956	16189.3059	3532.9104	108	1
8_Pbx1mt_peak_8578_lociStitched	chr19	46899919	46944719	8	2308	17772.16	5232.64	109	1
4_Pbx1mt_peak_7587_lociStitched	chr17	82900626	82905786	4	1777	13048.092	578.436	110	1
2_Pbx1mt_peak_7680_lociStitched	chr18	5810488	5820672	2	499	13767.7496	1382.9872	111	1
7_Pbx1mt_peak_12951_lociStitched	chr5	15948759	15985497	7	2184	16881.111	4504.0788	112	1
4_Pbx1mt_peak_14709_lociStitched	chr7	89527088	89541193	4	909	13571.831	1208.7985	113	1
4_Pbx1mt_peak_2958_lociStitched	chr12	79504192	79514973	4	1330	13729.6035	1386.4366	114	1
6_Pbx1mt_peak_8852_lociStitched	chr2	36247983	36279215	6	1483	15700.3264	3357.44	115	1
3_Pbx1mt_peak_10974_lociStitched	chr3	144638233	144643830	3	780	12912.279	730.4085	116	1
3_Pbx1mt_peak_7035_lociStitched	chr16	95827252	95845131	3	1169	14104.7431	1995.2964	117	1
3_Pbx1mt_peak_2868_lociStitched	chr12	71883355	71888764	3	840	12719.8044	668.0115	118	1
8_Pbx1mt_peak_5833_lociStitched	chr15	55835616	55866515	8	2736	16212.7053	4171.365	119	1
3_Pbx1mt_peak_13864_lociStitched	chr6	41015191	41033193	3	807	14064.9626	2207.0452	120	1
3_Pbx1mt_peak_491_lociStitched	chr1	71807767	71824683	3	863	13637.6792	1865.8348	121	1
2_Pbx1mt_peak_5275_lociStitched	chr15	23561571	23565436	2	348	12523.7595	773	122	1
6_Pbx1mt_peak_10277_lociStitched	chr3	60515466	60541428	6	1598	14829.4944	3123.2286	123	1
2_Pbx1mt_peak_8331_lociStitched	chr19	16950087	16959894	2	565	12691.2387	1114.0752	124	1
2_Pbx1mt_peak_14104_lociStitched	chr6	91617868	91621682	2	325	11989.6904	438.61	125	1
5_Pbx1mt_peak_6136_lociStitched	chr15	66805313	66824848	5	1266	14198.038	2777.877	126	1
5_Pbx1mt_peak_10791_lociStitched	chr3	126383917	126386501	5	1641	12037.3056	713.7008	127	1
2_Pbx1mt_peak_9230_lociStitched	chr2	93458743	93469474	2	644	12546.6852	1242.6498	128	1
3_Pbx1mt_peak_6751_lociStitched	chr16	43503011	43515965	3	1721	12854.2542	1558.3662	129	1
2_Pbx1mt_peak_11634_lociStitched	chr4	89123958	89129877	2	1001	12064.1058	855.8874	130	1
3_Pbx1mt_peak_3651_lociStitched	chr13	32922621	32928346	3	825	11854.185	762.57	131	1
3_Pbx1mt_peak_5165_lociStitched	chr15	7862912	7878014	3	814	13276.1682	2295.504	132	1
4_Pbx1mt_peak_9723_lociStitched	chr2	152810257	152826662	4	797	12648.255	1676.591	133	1
4_Pbx1mt_peak_2065_lociStitched	chr10	68146955	68166714	4	1115	13457.8549	2491.6099	134	1
4_Pbx1mt_peak_9686_lociStitched	chr2	148421155	148429362	4	1088	11988.7856	1075.117	135	1
5_Pbx1mt_peak_9764_lociStitched	chr2	160606201	160622148	5	1374	12779.9258	1940.7499	136	1
3_Pbx1mt_peak_1405_lociStitched	chr1	186442235	186454531	3	581	12270.1784	1437.4024	137	1
5_Pbx1mt_peak_6806_lociStitched	chr16	45871153	45893165	5	1512	12905.6356	2132.9628	138	1
3_Pbx1mt_peak_2429_lociStitched	chr10	107606471	107628488	3	831	13756.2216	2994.312	139	1
2_Pbx1mt_peak_2849_lociStitched	chr12	70512029	70522003	2	580	12050.5868	1295.6226	140	1
4_Pbx1mt_peak_14781_lociStitched	chr7	109630242	109642266	4	870	11713.7808	1006.4088	141	1
3_Pbx1mt_peak_2073_lociStitched	chr10	68235025	68249011	3	971	12255.9318	1584.6138	142	1
2_Pbx1mt_peak_14125_lociStitched	chr6	97216266	97223497	2	733	11396.7791	731.0541	143	1
2_Pbx1mt_peak_14512_lociStitched	chr7	46329769	46341818	2	367	11575.4743	932.5926	144	1
3_Pbx1mt_peak_6969_lociStitched	chr16	86209439	86223416	3	783	12301.1577	1663.263	145	1
3_Pbx1mt_peak_4613_lociStitched	chr14	31078898	31088736	3	664	11767.2318	1257.2964	146	1
3_Pbx1mt_peak_202_lociStitched	chr1	43211386	43224513	3	640	11937.6938	1434.7811	147	1
5_Pbx1mt_peak_10365_lociStitched	chr3	79927113	79948156	5	1437	13097.1632	2619.8535	148	1
2_Pbx1mt_peak_3212_lociStitched	chr12	104992931	105003539	2	619	11701.6848	1240.0752	149	1
5_Pbx1mt_peak_11400_lociStitched	chr4	63530480	63554539	5	2244	13109.7491	2713.8552	150	1
2_Pbx1mt_peak_11129_lociStitched	chr4	15205691	15214154	2	1470	11545.2246	1174.6644	151	1
4_Pbx1mt_peak_2883_lociStitched	chr12	73201656	73210794	4	1302	11258.9298	1071.8874	152	1
3_Pbx1mt_peak_11619_lociStitched	chr4	88928386	88935697	3	1006	11074.7028	894.8664	153	1
3_Pbx1mt_peak_5490_lociStitched	chr15	34412032	34420240	3	965	11362.3344	1233.6624	154	1
2_Pbx1mt_peak_9508_lociStitched	chr2	125293907	125304268	2	985	11189.88	1084.7967	155	1
5_Pbx1mt_peak_11013_lociStitched	chr3	148622109	148645197	5	1026	12555.2544	2461.1808	156	1
4_Pbx1mt_peak_10398_lociStitched	chr3	83445858	83451571	4	1365	10861.5556	783.2523	157	1
2_Pbx1mt_peak_10387_lociStitched	chr3	81910607	81918527	2	818	11056.32	1007.424	158	1
2_Pbx1mt_peak_6522_lociStitched	chr16	8843931	8854439	2	365	11292.9476	1245.198	159	1
2_Pbx1mt_peak_4183_lociStitched	chr13	97915671	97928528	2	891	11270.4462	1223.9864	160	1
2_Pbx1mt_peak_5314_lociStitched	chr15	25956551	25963847	2	709	11263.5648	1224.2688	161	1
2_Pbx1mt_peak_13194_lociStitched	chr5	64196192	64207180	2	421	11252.8108	1293.2876	162	1
4_Pbx1mt_peak_4857_lociStitched	chr14	72738221	72749922	4	1275	11276.2537	1353.8057	163	1
5_Pbx1mt_peak_19211_lociStitched	chrX	68486664	68508175	5	1881	12386.0338	2467.3117	164	1
2_Pbx1mt_peak_12980_lociStitched	chr5	17740073	17747514	2	418	10796.1469	906.3138	165	1
2_Pbx1mt_peak_5628_lociStitched	chr15	42674154	42680482	2	529	10805.6928	918.1928	166	1
3_Pbx1mt_peak_2098_lociStitched	chr10	69185906	69190961	3	926	10545.741	721.854	167	1
3_Pbx1mt_peak_9554_lociStitched	chr2	130488574	130497339	3	1089	10838.799	1039.529	168	1
2_Pbx1mt_peak_5273_lociStitched	chr15	23506502	23510939	2	682	10486.8495	706.3704	169	1
4_Pbx1mt_peak_10283_lociStitched	chr3	60582289	60603040	4	926	12367.596	2587.6497	170	1
2_Pbx1mt_peak_7355_lociStitched	chr17	53587159	53596806	2	797	10758.3344	1011.9703	171	1
7_Pbx1mt_peak_9156_lociStitched	chr2	77020234	77051950	7	2148	13412.6964	3685.3992	172	1
4_Pbx1mt_peak_10311_lociStitched	chr3	65469347	65487600	4	1078	11621.6851	1907.4385	173	1
6_Pbx1mt_peak_4165_lociStitched	chr13	97533930	97566408	6	1465	13108.1208	3416.6856	174	1
7_Pbx1mt_peak_5825_lociStitched	chr15	55786315	55806810	7	1510	12680.2565	2998.4185	175	1
5_Pbx1mt_peak_905_lociStitched	chr1	138322614	138348763	5	1813	12538.4455	2873.7751	176	1
4_Pbx1mt_peak_1875_lociStitched	chr10	41538539	41555356	4	1028	11906.436	2335.8813	177	1
5_Pbx1mt_peak_11352_lociStitched	chr4	58402167	58428531	5	1560	12752.2668	3200.5896	178	1
4_Pbx1mt_peak_3044_lociStitched	chr12	86892541	86897466	4	979	9985.4375	436.8475	179	1
4_Pbx1mt_peak_1539_lociStitched	chr10	7260202	7280746	4	971	12057.2736	2522.8032	180	1
2_Pbx1mt_peak_13637_lociStitched	chr5	151110417	151113189	2	822	9799.02	346.5	181	1
5_Pbx1mt_peak_2903_lociStitched	chr12	73802656	73813712	5	1114	10693.3632	1262.5952	182	1
4_Pbx1mt_peak_9265_lociStitched	chr2	102978159	102998551	4	1166	11755.988	2369.5504	183	1
2_Pbx1mt_peak_559_lociStitched	chr1	78532571	78538719	2	435	10119.608	743.2932	184	1
38_Pbx1mt_peak_16707_lociStitched	chr8	82846581	82960471	38	9727	27629.714	18267.956	185	1
6_Pbx1mt_peak_3754_lociStitched	chr13	41511073	41555662	6	1352	13791.3777	4458.9	186	1
3_Pbx1mt_peak_5710_lociStitched	chr15	52753474	52769711	3	647	11637.0579	2352.7413	187	1
3_Pbx1mt_peak_9925_lociStitched	chr3	14782272	14788991	3	2148	10140.9867	867.4229	188	1
4_Pbx1mt_peak_3322_lociStitched	chr13	6190467	6194469	4	1917	9702.0486	446.223	189	1
3_Pbx1mt_peak_1942_lociStitched	chr10	51975223	51982816	3	1086	10507.9527	1302.9588	190	1
4_Pbx1mt_peak_5931_lociStitched	chr15	58895803	58918505	4	824	12713.12	3521.0802	191	1
4_Pbx1mt_peak_6986_lociStitched	chr16	87567532	87579747	4	1400	10375.421	1254.4805	192	1
3_Pbx1mt_peak_5989_lociStitched	chr15	62287207	62301388	3	694	11149.1022	2044.9002	193	1
2_Pbx1mt_peak_9603_lociStitched	chr2	135734035	135738755	2	507	9519.296	482.384	194	1
3_Pbx1mt_peak_7011_lociStitched	chr16	92997683	93006978	3	725	10105.524	1069.8545	195	1
4_Pbx1mt_peak_9982_lociStitched	chr3	21760586	21772041	4	1097	10370.2115	1374.6	196	1
5_Pbx1mt_peak_9340_lociStitched	chr2	112423427	112445738	5	1417	11233.5885	2248.9488	197	1
4_Pbx1mt_peak_12488_lociStitched	chr5	4234506	4246787	4	826	10349.1987	1413.5431	198	1
4_Pbx1mt_peak_8690_lociStitched	chr2	6875006	6879241	4	1473	9562.2065	650.0725	199	1
4_Pbx1mt_peak_10271_lociStitched	chr3	60402193	60412525	4	1629	10181.1528	1284.2676	200	1
4_Pbx1mt_peak_7658_lociStitched	chr18	5380771	5397603	4	1058	10646.24	1758.944	201	1
2_Pbx1mt_peak_1258_lociStitched	chr1	172133648	172140580	2	712	9679.1516	874.8184	202	1
5_Pbx1mt_peak_3697_lociStitched	chr13	35502303	35512745	5	1844	9873.9552	1092.2332	203	1
3_Pbx1mt_peak_2271_lociStitched	chr10	93166452	93182127	3	546	10925.475	2205.4725	204	1
8_Pbx1mt_peak_10465_lociStitched	chr3	92235743	92257197	8	1454	14470.723	5786.1438	205	1
2_Pbx1mt_peak_6861_lociStitched	chr16	57243359	57251830	2	484	9558.6764	884.3724	206	1
4_Pbx1mt_peak_5180_lociStitched	chr15	8801605	8806797	4	1880	10712.6536	2072.6464	207	1
3_Pbx1mt_peak_7742_lociStitched	chr18	16730265	16745396	3	1053	10529.6629	1892.8881	208	1
5_Pbx1mt_peak_19414_lociStitched	chrX	103604725	103617427	5	1032	10040.931	1435.326	209	1
2_Pbx1mt_peak_7937_lociStitched	chr18	46859602	46864206	2	1188	9034.8896	433.6968	210	1
3_Pbx1mt_peak_2876_lociStitched	chr12	73025568	73039393	3	749	10143.4025	1553.93	211	1
2_Pbx1mt_peak_4398_lociStitched	chr13	112770321	112778719	2	807	9593.8752	1069.9052	212	1
4_Pbx1mt_peak_15635_lociStitched	chr8	45527405	45529996	4	1086	8843.083	319.2112	213	1
3_Pbx1mt_peak_18038_lociStitched	chr8	126873444	126887416	3	716	9787.386	1321.7512	214	1
3_Pbx1mt_peak_6100_lociStitched	chr15	64470734	64474585	3	877	9073.3411	620.011	215	1
4_Pbx1mt_peak_1067_lociStitched	chr1	157001053	157008559	4	1221	9257.1498	883.4562	216	1
6_Pbx1mt_peak_1158_lociStitched	chr1	163275108	163292278	6	1669	10667.721	2295.629	217	1
2_Pbx1mt_peak_5790_lociStitched	chr15	55255807	55265604	2	960	9893.0106	1522.4538	218	1
9_Pbx1mt_peak_10477_lociStitched	chr3	92270499	92291848	9	1708	13866.1755	5497.3675	219	1
5_Pbx1mt_peak_1676_lociStitched	chr10	21601729	21633133	5	1583	12410.8608	4044.8352	220	1
3_Pbx1mt_peak_1559_lociStitched	chr10	12804804	12821286	3	583	10714.9482	2350.3332	221	1
4_Pbx1mt_peak_1595_lociStitched	chr10	15391954	15406510	4	1191	10558.9224	2212.512	222	1
4_Pbx1mt_peak_4359_lociStitched	chr13	110541350	110545822	4	1599	8833.0944	516.0688	223	1
17_Pbx1mt_peak_3103_lociStitched	chr12	90913774	90971415	17	4904	13770.4349	5458.6027	224	1
4_Pbx1mt_peak_4746_lociStitched	chr14	54183970	54197478	4	1133	9777.0904	1473.7228	225	1
6_Pbx1mt_peak_4622_lociStitched	chr14	34440695	34465717	6	1159	11319.9528	3037.6708	226	1
3_Pbx1mt_peak_2886_lociStitched	chr12	73223903	73242199	3	677	10529.348	2261.3856	227	1
2_Pbx1mt_peak_4117_lociStitched	chr13	91360119	91371482	2	561	9392.6558	1145.3904	228	1
3_Pbx1mt_peak_5873_lociStitched	chr15	56841592	56844807	3	727	8767.6265	549.4435	229	1
4_Pbx1mt_peak_10692_lociStitched	chr3	116114077	116126804	4	886	9538.8865	1322.3353	230	1
2_Pbx1mt_peak_6617_lociStitched	chr16	24495542	24498542	2	438	8510.4	321	231	1
4_Pbx1mt_peak_9929_lociStitched	chr3	14820232	14840069	4	734	10462.0338	2273.3202	232	1
2_Pbx1mt_peak_6445_lociStitched	chr15	103359209	103372066	2	620	10097.8878	1909.2645	233	1
3_Pbx1mt_peak_3120_lociStitched	chr12	91055528	91070990	3	1616	9810.639	1652.8878	234	1
4_Pbx1mt_peak_6849_lociStitched	chr16	55631177	55637039	4	1064	8798.862	650.0958	235	1
4_Pbx1mt_peak_8564_lociStitched	chr19	46216849	46225869	4	1294	9258.128	1133.814	236	1
3_Pbx1mt_peak_5311_lociStitched	chr15	25915129	25916586	3	536	8377.75	278.7241	237	1
2_Pbx1mt_peak_19410_lociStitched	chrX	103509552	103519885	2	651	9303.8332	1218.2607	238	1
2_Pbx1mt_peak_14596_lociStitched	chr7	72584503	72591054	2	500	8647.9751	651.1694	239	1
5_Pbx1mt_peak_9682_lociStitched	chr2	148371861	148398137	5	1195	10781.0428	2790.5112	240	1
5_Pbx1mt_peak_2292_lociStitched	chr10	93932897	93946244	5	1583	9715.2813	1735.11	241	1
3_Pbx1mt_peak_4413_lociStitched	chr13	113729583	113734340	3	874	8476.4983	504.7177	242	1
2_Pbx1mt_peak_14557_lociStitched	chr7	65452386	65463806	2	425	8980.688	1014.096	243	1
2_Pbx1mt_peak_1603_lociStitched	chr10	16497697	16508506	2	560	9481.6548	1521.9072	244	1
3_Pbx1mt_peak_5590_lociStitched	chr15	41612299	41614205	3	663	8292.8154	340.0304	245	1
4_Pbx1mt_peak_5470_lociStitched	chr15	33924077	33935708	4	1179	9720.0267	1791.174	246	1
2_Pbx1mt_peak_5299_lociStitched	chr15	25448984	25460160	2	632	9566.656	1685.3408	247	1
7_Pbx1mt_peak_11510_lociStitched	chr4	81926653	81940491	7	1586	9347.569	1527.7152	248	1
4_Pbx1mt_peak_3684_lociStitched	chr13	34696842	34715709	4	921	9901.4016	2116.8774	249	1
3_Pbx1mt_peak_5787_lociStitched	chr15	55174637	55186783	3	744	9580.7648	1837.6898	250	1
4_Pbx1mt_peak_1179_lociStitched	chr1	164620241	164631962	4	610	9055.6446	1335.0219	251	1
4_Pbx1mt_peak_958_lociStitched	chr1	145957796	145972541	4	707	9510.525	1857.87	252	1
2_Pbx1mt_peak_6786_lociStitched	chr16	45328621	45336833	2	766	8382.8096	793.2792	253	1
3_Pbx1mt_peak_3560_lociStitched	chr13	28718605	28738901	3	623	9654.8072	2074.2512	254	1
7_Pbx1mt_peak_5152_lociStitched	chr15	7105099	7124343	7	1747	10445.6432	2905.844	255	1
6_Pbx1mt_peak_11673_lociStitched	chr4	95659241	95681034	6	1220	9863.5118	2325.3131	256	1
2_Pbx1mt_peak_2504_lociStitched	chr10	118989914	118991528	2	387	7817.7318	300.5268	257	1
2_Pbx1mt_peak_2299_lociStitched	chr10	94550021	94561638	2	451	8907.9156	1395.2017	258	1
2_Pbx1mt_peak_9511_lociStitched	chr2	125318292	125323612	2	510	8066.184	562.856	259	1
3_Pbx1mt_peak_6152_lociStitched	chr15	67260758	67275397	3	766	9342.6098	1854.7613	260	1
4_Pbx1mt_peak_11629_lociStitched	chr4	89024143	89039300	4	971	9062.3703	1583.9065	261	1
4_Pbx1mt_peak_7463_lociStitched	chr17	70791629	70798102	4	1455	8197.4072	745.6896	262	1
4_Pbx1mt_peak_995_lociStitched	chr1	151228472	151238235	4	1210	8575.8192	1138.3658	263	1
2_Pbx1mt_peak_2732_lociStitched	chr12	34990138	35000594	2	403	8515.3664	1080.1048	264	1
4_Pbx1mt_peak_41_lociStitched	chr1	14001517	14011816	4	941	8648.0703	1232.7903	265	1
4_Pbx1mt_peak_10760_lociStitched	chr3	122430868	122440254	4	1280	8218.3816	812.8276	266	1
5_Pbx1mt_peak_1701_lociStitched	chr10	23191465	23204271	5	1297	9122.9944	1724.9682	267	1
3_Pbx1mt_peak_7835_lociStitched	chr18	35192278	35209011	3	471	9300.2014	1932.6615	268	1
6_Pbx1mt_peak_4528_lociStitched	chr14	20595940	20622242	6	1301	10436.6336	3082.5944	269	1
2_Pbx1mt_peak_3885_lociStitched	chr13	60007717	60012939	2	1110	7897.7528	546.2212	270	1
6_Pbx1mt_peak_2356_lociStitched	chr10	96822328	96848241	6	1780	10852.3644	3524.168	271	1
4_Pbx1mt_peak_7737_lociStitched	chr18	16688702	16713872	4	821	10445.55	3128.631	272	1
3_Pbx1mt_peak_5487_lociStitched	chr15	34369381	34373532	3	1202	7974.9012	674.9526	273	1
3_Pbx1mt_peak_6132_lociStitched	chr15	66776279	66790221	3	549	9268.6416	1976.9756	274	1
3_Pbx1mt_peak_9519_lociStitched	chr2	125922874	125934347	3	1121	8434.9496	1173.6879	275	1
2_Pbx1mt_peak_4198_lociStitched	chr13	99259389	99262741	2	1505	7601.3304	368.72	276	1
5_Pbx1mt_peak_10393_lociStitched	chr3	83287085	83300591	5	1576	8712.7206	1482.9588	277	1
7_Pbx1mt_peak_5370_lociStitched	chr15	28061090	28082759	7	1972	10136.7582	2955.6516	278	1
3_Pbx1mt_peak_9277_lociStitched	chr2	103576405	103583667	3	758	7962.783	782.1174	279	1
2_Pbx1mt_peak_13016_lociStitched	chr5	23410784	23416132	2	457	7709.142	557.7964	280	1
2_Pbx1mt_peak_3937_lociStitched	chr13	64410754	64421796	2	332	8025.3256	884.4642	281	1
2_Pbx1mt_peak_5789_lociStitched	chr15	55227208	55236731	2	826	8469.7562	1330.3631	282	1
2_Pbx1mt_peak_1339_lociStitched	chr1	183147428	183159476	2	390	8658.8976	1537.3248	283	1
3_Pbx1mt_peak_2852_lociStitched	chr12	70614754	70616842	3	771	7365.0024	254.736	284	1
2_Pbx1mt_peak_2476_lociStitched	chr10	115328697	115332861	2	520	7725.4692	635.4264	285	1
2_Pbx1mt_peak_15736_lociStitched	chr8	60764104	60774043	2	1191	8188.7421	1101.2412	286	1
3_Pbx1mt_peak_9454_lociStitched	chr2	117950941	117959840	3	966	8102.5395	1031.3941	287	1
3_Pbx1mt_peak_15739_lociStitched	chr8	60859651	60868005	3	659	7836.052	795.3008	288	1
4_Pbx1mt_peak_8495_lociStitched	chr19	36218832	36238058	4	949	9339.9908	2307.12	289	1
5_Pbx1mt_peak_11682_lociStitched	chr4	95861058	95886817	5	1191	9790.9959	2779.3961	290	1
2_Pbx1mt_peak_1831_lociStitched	chr10	37335243	37343121	2	681	8115.1278	1122.615	291	1
2_Pbx1mt_peak_1766_lociStitched	chr10	27378360	27385014	2	767	7960.8456	970.1532	292	1
7_Pbx1mt_peak_2985_lociStitched	chr12	80830193	80858552	7	1738	10285.8093	3298.1517	293	1
3_Pbx1mt_peak_4694_lociStitched	chr14	46512296	46529607	3	543	8523.9364	1563.1833	294	1
3_Pbx1mt_peak_18529_lociStitched	chr9	69431991	69443473	3	813	8149.9236	1196.4244	295	1
3_Pbx1mt_peak_4131_lociStitched	chr13	92647813	92657088	3	611	7754.8275	828.2575	296	1
2_Pbx1mt_peak_11433_lociStitched	chr4	64635668	64641247	2	486	7648.809	735.3122	297	1
4_Pbx1mt_peak_13822_lociStitched	chr6	34600777	34610172	4	1195	7911.5295	1008.0835	298	1
2_Pbx1mt_peak_11667_lociStitched	chr4	95611451	95621412	2	642	7923.9755	1026.9791	299	1
7_Pbx1mt_peak_615_lociStitched	chr1	81950366	81987671	7	1316	10952.748	4058.784	300	1
4_Pbx1mt_peak_8558_lociStitched	chr19	46186185	46192320	4	1391	7688.382	794.4825	301	1
2_Pbx1mt_peak_2372_lociStitched	chr10	98324670	98329216	2	372	7573.636	700.5386	302	1
4_Pbx1mt_peak_13404_lociStitched	chr5	102665028	102692777	4	1049	9726.0245	2858.147	303	1
7_Pbx1mt_peak_6749_lociStitched	chr16	43456474	43471363	7	1701	8571.5973	1706.2794	304	1
3_Pbx1mt_peak_11564_lociStitched	chr4	83830943	83839381	3	1501	7989.9422	1125.6292	305	1
2_Pbx1mt_peak_13319_lociStitched	chr5	90703761	90711730	2	461	7774.5564	910.8567	306	1
3_Pbx1mt_peak_7315_lociStitched	chr17	44706468	44718258	3	847	8095.014	1241.487	307	1
3_Pbx1mt_peak_13826_lociStitched	chr6	34624646	34639062	3	781	8292.0832	1447.3664	308	1
5_Pbx1mt_peak_18555_lociStitched	chr9	71861398	71879718	5	1405	8753.296	1954.744	309	1
3_Pbx1mt_peak_7300_lociStitched	chr17	44026340	44031084	3	882	7387.8312	593.4744	310	1
3_Pbx1mt_peak_7861_lociStitched	chr18	37878936	37884047	3	1305	7328.1518	544.8326	311	1
3_Pbx1mt_peak_14674_lociStitched	chr7	83556555	83565187	3	545	7486.5336	704.3712	312	1
2_Pbx1mt_peak_14458_lociStitched	chr7	30008107	30009953	2	682	6992.648	217.0896	313	1
2_Pbx1mt_peak_14044_lociStitched	chr6	72109264	72120174	2	439	7929.388	1155.369	314	1
5_Pbx1mt_peak_1839_lociStitched	chr10	37478120	37484821	5	1198	7722.2324	953.5523	315	1
102_Pbx1mt_peak_16356_lociStitched	chr8	81730600	81896306	102	27649	30357.3392	23596.5344	316	1
4_Pbx1mt_peak_5808_lociStitched	chr15	55508188	55526953	4	704	9363.735	2606.4585	317	1
2_Pbx1mt_peak_15715_lociStitched	chr8	54609333	54610994	2	1299	6961.9154	209.4521	318	1
3_Pbx1mt_peak_11950_lociStitched	chr4	143278313	143288720	3	460	7770.9069	1062.5547	319	1
2_Pbx1mt_peak_6555_lociStitched	chr16	15984833	15992357	2	564	7569.144	871.2792	320	1
2_Pbx1mt_peak_14678_lociStitched	chr7	83807050	83816081	2	401	7431.6099	749.573	321	1
3_Pbx1mt_peak_7859_lociStitched	chr18	37849453	37861092	3	714	7742.2628	1061.4768	322	1
2_Pbx1mt_peak_6810_lociStitched	chr16	45930235	45936784	2	916	7329.6408	658.1745	323	1
3_Pbx1mt_peak_45_lociStitched	chr1	14772968	14775486	3	931	7009.8602	402.88	324	1
2_Pbx1mt_peak_13006_lociStitched	chr5	21519278	21529374	2	433	7823.3904	1235.7504	325	1
3_Pbx1mt_peak_6340_lociStitched	chr15	91690664	91703447	3	578	8470.0158	1903.3887	326	1
3_Pbx1mt_peak_8830_lociStitched	chr2	33041687	33057800	3	712	8224.0752	1667.6955	327	1
2_Pbx1mt_peak_9745_lociStitched	chr2	156192142	156203027	2	494	7622.7655	1077.615	328	1
3_Pbx1mt_peak_9050_lociStitched	chr2	60870515	60877236	3	595	7202.2236	671.4279	329	1
3_Pbx1mt_peak_7408_lociStitched	chr17	63678078	63685218	3	804	7318.5	797.538	330	1
3_Pbx1mt_peak_9474_lociStitched	chr2	120146595	120148287	3	984	6708.2724	202.3632	331	1
2_Pbx1mt_peak_7478_lociStitched	chr17	72965961	72971033	2	341	7069.3536	573.6432	332	1
2_Pbx1mt_peak_8053_lociStitched	chr18	61380146	61384960	2	573	6941.788	451.0718	333	1
5_Pbx1mt_peak_3158_lociStitched	chr12	95747037	95769359	5	1159	9321.6672	2832.6618	334	1
3_Pbx1mt_peak_8169_lociStitched	chr18	69770632	69785193	3	683	7951.7621	1463.3805	335	1
2_Pbx1mt_peak_15970_lociStitched	chr8	79222537	79227532	2	510	7208.2845	731.7675	336	1
2_Pbx1mt_peak_4537_lociStitched	chr14	20891925	20894151	2	651	6739.215	275.3562	337	1
5_Pbx1mt_peak_1705_lociStitched	chr10	23220435	23246803	5	1409	10125.312	3683.6096	338	1
3_Pbx1mt_peak_18085_lociStitched	chr9	6454651	6456771	3	826	6674.184	254.188	339	1
3_Pbx1mt_peak_742_lociStitched	chr1	106618085	106630537	3	1144	7669.1868	1272.5944	340	1
3_Pbx1mt_peak_8530_lociStitched	chr19	40429203	40433786	3	920	6958.8272	564.1673	341	1
2_Pbx1mt_peak_8334_lociStitched	chr19	17011225	17014659	2	592	6774.5952	383.5778	342	1
2_Pbx1mt_peak_8477_lociStitched	chr19	34445722	34451297	2	560	6886.24	518.475	343	1
8_Pbx1mt_peak_1122_lociStitched	chr1	162093915	162114205	8	2069	8757.164	2390.162	344	1
2_Pbx1mt_peak_14725_lociStitched	chr7	90228163	90234239	2	372	6813.6264	456.3076	345	1
4_Pbx1mt_peak_4984_lociStitched	chr14	101841392	101862336	4	769	8710.6096	2364.5776	346	1
2_Pbx1mt_peak_717_lociStitched	chr1	92699082	92704307	2	366	6939.3225	594.0825	347	1
3_Pbx1mt_peak_9823_lociStitched	chr2	174322145	174335741	3	506	7714.3704	1375.9152	348	1
3_Pbx1mt_peak_8119_lociStitched	chr18	66166783	66187049	3	811	8142.8788	1825.9666	349	1
3_Pbx1mt_peak_8070_lociStitched	chr18	62036525	62050281	3	791	7488.7664	1238.04	350	1
2_Pbx1mt_peak_2377_lociStitched	chr10	98496372	98508793	2	573	7867.4614	1632.1194	351	1
2_Pbx1mt_peak_13638_lociStitched	chr5	151127124	151136344	2	459	7380.61	1155.266	352	1
4_Pbx1mt_peak_4366_lociStitched	chr13	110632514	110644010	4	1736	7419.5184	1204.7808	353	1
2_Pbx1mt_peak_488_lociStitched	chr1	71755552	71763876	2	586	7138.6624	983.8968	354	1
3_Pbx1mt_peak_2462_lociStitched	chr10	111689563	111706069	3	779	8170.47	2050.0452	355	1
3_Pbx1mt_peak_6758_lociStitched	chr16	43697904	43702443	3	703	6535.7061	418.4958	356	1
4_Pbx1mt_peak_11065_lociStitched	chr3	159880691	159886470	4	1451	6834.2454	731.6214	357	1
25_Pbx1mt_peak_3383_lociStitched	chr13	12868749	12920504	25	5213	20303.4865	14206.7475	358	1
3_Pbx1mt_peak_11328_lociStitched	chr4	57601961	57611557	3	694	7204.6768	1117.934	359	1
3_Pbx1mt_peak_13198_lociStitched	chr5	64364702	64368763	3	622	6486.6353	422.7501	360	1
3_Pbx1mt_peak_5283_lociStitched	chr15	24299658	24303609	3	728	6582.7611	564.993	361	1
3_Pbx1mt_peak_8795_lociStitched	chr2	20942493	20953077	3	772	7226.7552	1244.6784	362	1
2_Pbx1mt_peak_11273_lociStitched	chr4	53757154	53760055	2	660	6335.2038	358.8537	363	1
5_Pbx1mt_peak_19008_lociStitched	chrX	12319202	12329873	5	1367	7126.0938	1156.7364	364	1
5_Pbx1mt_peak_10637_lociStitched	chr3	104295046	104306632	5	1281	7338.5724	1376.4168	365	1
2_Pbx1mt_peak_10925_lociStitched	chr3	138097824	138105292	2	392	6577.0676	616.8568	366	1
3_Pbx1mt_peak_3210_lociStitched	chr12	104054148	104067818	3	846	7216.393	1265.842	367	1
2_Pbx1mt_peak_14098_lociStitched	chr6	90698944	90711767	2	335	7386.048	1440.0229	368	1
5_Pbx1mt_peak_8940_lociStitched	chr2	49911277	49942472	5	1840	9355.3805	3418.972	369	1
4_Pbx1mt_peak_5864_lociStitched	chr15	56624167	56634532	4	944	7502.187	1574.4435	370	1
3_Pbx1mt_peak_14408_lociStitched	chr7	6749207	6765586	3	943	7108.486	1200.5807	371	1
2_Pbx1mt_peak_18059_lociStitched	chr8	128464089	128465834	2	624	6112.386	206.0845	372	1
5_Pbx1mt_peak_6640_lociStitched	chr16	25250401	25263959	5	1261	7351.1476	1447.9944	373	1
3_Pbx1mt_peak_10698_lociStitched	chr3	116189332	116195176	3	1423	6670.926	783.096	374	1
3_Pbx1mt_peak_10071_lociStitched	chr3	37834648	37846009	3	1618	7126.7553	1245.1656	375	1
5_Pbx1mt_peak_8981_lociStitched	chr2	52319020	52335334	5	1304	7411.4502	1533.516	376	1
5_Pbx1mt_peak_6155_lociStitched	chr15	67354746	67359188	5	1302	6567.497	689.8426	377	1
4_Pbx1mt_peak_9771_lociStitched	chr2	160848369	160865620	4	983	7949.2608	2099.4467	378	1
5_Pbx1mt_peak_2945_lociStitched	chr12	79347750	79359057	5	1063	7020.5163	1184.9736	379	1
7_Pbx1mt_peak_1718_lociStitched	chr10	23596669	23620495	7	1826	8589.273	2768.5812	380	1
3_Pbx1mt_peak_148_lociStitched	chr1	34109616	34112199	3	610	6130.7505	311.7681	381	1
4_Pbx1mt_peak_308_lociStitched	chr1	53845887	53850121	4	889	6250.2308	449.2274	382	1
2_Pbx1mt_peak_18524_lociStitched	chr9	67581974	67586720	2	442	6365.3352	579.012	383	1
2_Pbx1mt_peak_9119_lociStitched	chr2	72318353	72321033	2	926	6084.94	300.16	384	1
3_Pbx1mt_peak_18301_lociStitched	chr9	41479930	41488416	3	969	6708.183	924.1254	385	1
3_Pbx1mt_peak_9219_lociStitched	chr2	91400065	91411791	3	865	7082.504	1323.8654	386	1
3_Pbx1mt_peak_13741_lociStitched	chr6	17473239	17481558	3	776	6717.5925	983.3058	387	1
2_Pbx1mt_peak_547_lociStitched	chr1	75344754	75347681	2	355	6107.7709	376.9976	388	1
2_Pbx1mt_peak_7534_lociStitched	chr17	79364769	79373245	2	543	6774.0192	1054.4144	389	1
2_Pbx1mt_peak_10858_lociStitched	chr3	130940576	130951698	2	390	6955.6988	1249.0006	390	1
2_Pbx1mt_peak_3294_lociStitched	chr13	4771066	4772765	2	1268	5857.3025	175.8465	391	1
3_Pbx1mt_peak_1836_lociStitched	chr10	37407618	37422858	3	639	7772.4	2112.264	392	1
6_Pbx1mt_peak_13931_lociStitched	chr6	52075005	52092252	6	1509	7355.8455	1717.8012	393	1
3_Pbx1mt_peak_10591_lociStitched	chr3	99811291	99823619	3	817	6897.516	1267.3184	394	1
2_Pbx1mt_peak_6864_lociStitched	chr16	57420895	57427972	2	602	6297.8223	671.6073	395	1
3_Pbx1mt_peak_8015_lociStitched	chr18	56899197	56909361	3	729	6608.6328	988.9572	396	1
3_Pbx1mt_peak_13644_lociStitched	chr5	151203075	151219127	3	507	7515.5464	1903.7672	397	1
3_Pbx1mt_peak_6775_lociStitched	chr16	45057381	45070706	3	652	6470.62	870.1225	398	1
3_Pbx1mt_peak_7028_lociStitched	chr16	94348873	94362417	3	1292	6902.0224	1323.2488	399	1
3_Pbx1mt_peak_4032_lociStitched	chr13	70789043	70798660	3	720	6608.8024	1054.0232	400	1
3_Pbx1mt_peak_8031_lociStitched	chr18	57405322	57414920	3	743	6422.0218	875.3376	401	1
3_Pbx1mt_peak_6885_lociStitched	chr16	65820838	65828525	3	631	6430.9442	899.379	402	1
2_Pbx1mt_peak_177_lociStitched	chr1	39746489	39754908	2	338	6439.6931	921.8805	403	1
3_Pbx1mt_peak_13402_lociStitched	chr5	102623991	102636108	3	709	6716.4531	1200.7947	404	1
2_Pbx1mt_peak_6002_lociStitched	chr15	62392472	62402182	2	388	6858.173	1349.69	405	1
2_Pbx1mt_peak_14710_lociStitched	chr7	89561074	89563917	2	499	5738.5955	248.1939	406	1
2_Pbx1mt_peak_3081_lociStitched	chr12	88293155	88297883	2	980	6316.608	828.3456	407	1
2_Pbx1mt_peak_6367_lociStitched	chr15	95802892	95804462	2	347	5757.347	278.518	408	1
3_Pbx1mt_peak_2198_lociStitched	chr10	84997857	85011411	3	898	7311.0276	1851.4764	409	1
4_Pbx1mt_peak_2952_lociStitched	chr12	79471900	79489264	4	1369	7473.4656	2021.1696	410	1
3_Pbx1mt_peak_15781_lociStitched	chr8	68902916	68915214	3	1382	6762.6702	1310.9668	411	1
3_Pbx1mt_peak_4542_lociStitched	chr14	20935601	20945280	3	693	6657.2162	1215.6824	412	1
2_Pbx1mt_peak_5168_lociStitched	chr15	7921261	7931886	2	331	6793.625	1360	413	1
2_Pbx1mt_peak_9693_lociStitched	chr2	148567880	148580895	2	581	6959.1205	1526.6595	414	1
2_Pbx1mt_peak_8867_lociStitched	chr2	38823019	38829829	2	419	6197.1	764.763	415	1
4_Pbx1mt_peak_4497_lociStitched	chr14	14514881	14520512	4	1518	6045.4416	627.2934	416	1
3_Pbx1mt_peak_8723_lociStitched	chr2	12697305	12709547	3	1300	6730.6516	1333.1538	417	1
2_Pbx1mt_peak_8846_lociStitched	chr2	35476287	35479034	2	570	5750.8445	357.11	418	1
2_Pbx1mt_peak_9441_lociStitched	chr2	117730846	117732053	2	1067	5563.5458	189.8611	419	1
2_Pbx1mt_peak_16198_lociStitched	chr8	80804197	80815677	2	741	7313.908	1941.268	420	1
2_Pbx1mt_peak_10701_lociStitched	chr3	116904335	116915258	2	287	6719.8296	1361.0058	421	1
2_Pbx1mt_peak_8700_lociStitched	chr2	7089042	7090895	2	1028	5572.5269	228.2896	422	1
2_Pbx1mt_peak_11247_lociStitched	chr4	48660983	48667524	2	447	6072.0103	728.6674	423	1
2_Pbx1mt_peak_14570_lociStitched	chr7	67385082	67391026	2	471	5898.8256	556.9528	424	1
3_Pbx1mt_peak_1569_lociStitched	chr10	13832811	13850437	3	878	7586.2304	2256.128	425	1
2_Pbx1mt_peak_7874_lociStitched	chr18	39240572	39251231	2	465	6302.6667	977.4303	426	1
4_Pbx1mt_peak_5728_lociStitched	chr15	52999116	53004953	4	1033	6174.9623	872.6315	427	1
2_Pbx1mt_peak_11468_lociStitched	chr4	76296508	76306364	2	552	6475.392	1175.8208	428	1
3_Pbx1mt_peak_6596_lociStitched	chr16	23497466	23502845	3	930	5950.7877	677.2161	429	1
10_Pbx1mt_peak_6165_lociStitched	chr15	67403266	67434557	10	1953	9374.7836	4105.3792	430	1
6_Pbx1mt_peak_3557_lociStitched	chr13	28651855	28673953	6	1429	7281.291	2019.7572	431	1
3_Pbx1mt_peak_1483_lociStitched	chr1	194658588	194672047	3	651	6647.4001	1386.277	432	1
2_Pbx1mt_peak_6999_lociStitched	chr16	92608257	92612075	2	456	5542.5906	289.7862	433	1
3_Pbx1mt_peak_8390_lociStitched	chr19	24720590	24731064	3	761	6438.3678	1185.6568	434	1
2_Pbx1mt_peak_1164_lociStitched	chr1	163380093	163391624	2	581	6576.1293	1338.7491	435	1
2_Pbx1mt_peak_14728_lociStitched	chr7	90332835	90336087	2	372	5490.0264	253.9812	436	1
3_Pbx1mt_peak_2962_lociStitched	chr12	79598472	79600788	3	1347	5511.8484	280.4676	437	1
4_Pbx1mt_peak_3550_lociStitched	chr13	28603971	28614368	4	1054	6305.7805	1076.0895	438	1
3_Pbx1mt_peak_2907_lociStitched	chr12	73837975	73847024	3	682	6056.4957	830.6982	439	1
5_Pbx1mt_peak_4901_lociStitched	chr14	76948917	76959175	5	1113	6418.4306	1205.315	440	1
4_Pbx1mt_peak_9594_lociStitched	chr2	135525769	135541456	4	1494	7010.5203	1810.2798	441	1
6_Pbx1mt_peak_18571_lociStitched	chr9	72205986	72220220	6	1368	6492.1274	1293.8706	442	1
3_Pbx1mt_peak_8432_lociStitched	chr19	29885724	29900536	3	577	6856.4748	1670.7936	443	1
3_Pbx1mt_peak_10358_lociStitched	chr3	79231178	79238238	3	659	6095.604	910.034	444	1
4_Pbx1mt_peak_18385_lociStitched	chr9	49893473	49912581	4	1103	6953.4012	1790.4196	445	1
2_Pbx1mt_peak_5361_lociStitched	chr15	27932056	27942399	2	323	6591.5939	1429.4026	446	1
3_Pbx1mt_peak_9397_lociStitched	chr2	115631349	115650463	3	446	7532.8274	2375.8702	447	1
5_Pbx1mt_peak_301_lociStitched	chr1	53713531	53734264	5	1008	7899.273	2745.0492	448	1
2_Pbx1mt_peak_1298_lociStitched	chr1	176789387	176801196	2	525	6637.8389	1491.4767	449	1
5_Pbx1mt_peak_5922_lociStitched	chr15	58810309	58817544	5	1162	6381.9935	1251.655	450	1
2_Pbx1mt_peak_3747_lociStitched	chr13	41401781	41404118	2	493	5333.9688	220.3791	451	1
2_Pbx1mt_peak_6276_lociStitched	chr15	81294427	81295251	2	492	5243.7712	135.8776	452	1
4_Pbx1mt_peak_3656_lociStitched	chr13	33074151	33097071	4	911	7542.972	2454.732	453	1
2_Pbx1mt_peak_7951_lociStitched	chr18	47230667	47243053	2	1025	6298.281	1215.0666	454	1
2_Pbx1mt_peak_2794_lociStitched	chr12	52635308	52636735	2	363	5288.0339	233.8853	455	1
3_Pbx1mt_peak_14389_lociStitched	chr6	149333179	149355135	3	579	7809.7492	2766.456	456	1
3_Pbx1mt_peak_7863_lociStitched	chr18	37918168	37928060	3	657	6069.7312	1030.7464	457	1
3_Pbx1mt_peak_8267_lociStitched	chr19	4540353	4548815	3	1100	5804.932	792.0432	458	1
2_Pbx1mt_peak_13962_lociStitched	chr6	54759968	54771466	2	427	5943.3162	932.4878	459	1
3_Pbx1mt_peak_3477_lociStitched	chr13	23355938	23372827	3	783	6863.6896	1857.79	460	1
2_Pbx1mt_peak_2828_lociStitched	chr12	54850699	54859847	2	398	6076.1016	1074.89	461	1
6_Pbx1mt_peak_5074_lociStitched	chr15	3417780	3449683	6	1706	9535.8067	4539.7969	462	1
2_Pbx1mt_peak_1656_lociStitched	chr10	19043956	19046291	2	519	5396.8855	405.823	463	1
3_Pbx1mt_peak_3539_lociStitched	chr13	28410296	28417811	3	914	5703.885	715.428	464	1
2_Pbx1mt_peak_11660_lociStitched	chr4	95462478	95475055	2	653	6343.8388	1363.3468	465	1
2_Pbx1mt_peak_5883_lociStitched	chr15	57198923	57205664	2	417	5984.6598	1007.1054	466	1
2_Pbx1mt_peak_2896_lociStitched	chr12	73472402	73476703	2	419	5392.1637	427.0893	467	1
2_Pbx1mt_peak_6236_lociStitched	chr15	77215323	77220409	2	370	5637.831	673.895	468	1
2_Pbx1mt_peak_2643_lociStitched	chr12	10513502	10515013	2	1197	5161.1227	222.7214	469	1
3_Pbx1mt_peak_8453_lociStitched	chr19	32305003	32319896	3	776	6718.2323	1785.6707	470	1
3_Pbx1mt_peak_5800_lociStitched	chr15	55385625	55392044	3	671	5651.9295	719.5699	471	1
5_Pbx1mt_peak_10379_lociStitched	chr3	81356321	81388089	5	1389	8497.94	3567.5464	472	1
2_Pbx1mt_peak_11290_lociStitched	chr4	55172485	55179859	2	714	5718.537	794.1798	473	1
2_Pbx1mt_peak_13796_lociStitched	chr6	30575011	30580288	2	494	5608.9233	686.01	474	1
2_Pbx1mt_peak_6959_lociStitched	chr16	85879106	85888123	2	937	5933.186	1010.8057	475	1
6_Pbx1mt_peak_5796_lociStitched	chr15	55356037	55371231	6	1578	7150.2964	2233.518	476	1
2_Pbx1mt_peak_18886_lociStitched	chr9	116314807	116319733	2	525	5302.3464	389.6466	477	1
3_Pbx1mt_peak_4961_lociStitched	chr14	99495546	99500324	3	913	5403.918	491.6562	478	1
3_Pbx1mt_peak_214_lociStitched	chr1	43714919	43722681	3	783	5805.976	900.392	479	1
2_Pbx1mt_peak_8758_lociStitched	chr2	17975899	17984910	2	331	5908.5127	1006.5287	480	1
3_Pbx1mt_peak_15573_lociStitched	chr8	36658023	36671570	3	638	6513.3976	1620.2212	481	1
3_Pbx1mt_peak_9998_lociStitched	chr3	21962388	21970683	3	1794	5803.182	932.358	482	1
2_Pbx1mt_peak_4407_lociStitched	chr13	113547608	113551599	2	395	5314.8147	445.7947	483	1
3_Pbx1mt_peak_10921_lociStitched	chr3	138049504	138063006	3	621	6390.4966	1528.4264	484	1
3_Pbx1mt_peak_11572_lociStitched	chr4	84454571	84457961	3	667	5205.684	344.424	485	1
2_Pbx1mt_peak_4685_lociStitched	chr14	45824094	45830732	2	379	5686.7746	829.0862	486	1
3_Pbx1mt_peak_3267_lociStitched	chr12	119386620	119390394	3	886	5305.4892	450.2382	487	1
3_Pbx1mt_peak_11558_lociStitched	chr4	83375766	83380495	3	519	5342.3513	497.0179	488	1
3_Pbx1mt_peak_11036_lociStitched	chr3	152143012	152149919	3	944	5455.8393	616.7951	489	1
2_Pbx1mt_peak_7309_lociStitched	chr17	44588088	44600157	2	378	6041.7414	1210.5207	490	1
2_Pbx1mt_peak_6048_lociStitched	chr15	63166524	63170802	2	781	5347.9278	517.2102	491	1
3_Pbx1mt_peak_9062_lociStitched	chr2	61246845	61248218	3	670	4990.9923	162.5632	492	1
3_Pbx1mt_peak_8376_lociStitched	chr19	23357351	23375518	3	1089	7753.6756	2952.1375	493	1
2_Pbx1mt_peak_4289_lociStitched	chr13	103976402	103978752	2	388	5046.86	246.28	494	1
2_Pbx1mt_peak_7905_lociStitched	chr18	42737030	42744948	2	434	5492.7166	702.3266	495	1
2_Pbx1mt_peak_1304_lociStitched	chr1	177008922	177013979	2	314	5357.8915	568.4068	496	1
2_Pbx1mt_peak_10549_lociStitched	chr3	95692772	95696637	2	407	5296.596	526.0265	497	1
2_Pbx1mt_peak_2012_lociStitched	chr10	59638501	59642664	2	731	5441.8736	695.6373	498	1
5_Pbx1mt_peak_14137_lociStitched	chr6	97869603	97885950	5	1092	6391.677	1647.7776	499	1
3_Pbx1mt_peak_1356_lociStitched	chr1	184082832	184086995	3	509	5240.8007	499.1437	500	1
3_Pbx1mt_peak_10675_lociStitched	chr3	109273585	109286872	3	701	6284.751	1547.9355	501	1
3_Pbx1mt_peak_6963_lociStitched	chr16	86015360	86035109	3	1099	6787.7313	2053.896	502	1
2_Pbx1mt_peak_2587_lociStitched	chr12	3316080	3323498	2	512	5412.9146	693.583	503	1
3_Pbx1mt_peak_3313_lociStitched	chr13	5870424	5873066	3	777	4884.7938	167.2386	504	1
3_Pbx1mt_peak_2071_lociStitched	chr10	68184000	68192909	3	619	5773.9229	1061.9528	505	1
3_Pbx1mt_peak_9428_lociStitched	chr2	117595117	117605849	3	784	5979.8704	1277.108	506	1
3_Pbx1mt_peak_14363_lociStitched	chr6	146899667	146909245	3	796	5810.9726	1138.8242	507	1
2_Pbx1mt_peak_1410_lociStitched	chr1	186583932	186587413	2	758	5061.374	394.7454	508	1
2_Pbx1mt_peak_18055_lociStitched	chr8	128263351	128273118	2	378	5344.5024	687.5968	509	1
5_Pbx1mt_peak_7913_lociStitched	chr18	43400740	43411443	5	1610	5733.5971	1079.9327	510	1
4_Pbx1mt_peak_7778_lociStitched	chr18	23444305	23454469	4	1264	6107.5476	1455.4848	511	1
3_Pbx1mt_peak_2859_lociStitched	chr12	70719283	70732879	3	593	6123.6384	1479.2448	512	1
3_Pbx1mt_peak_18099_lociStitched	chr9	9112794	9127322	3	714	6059.6288	1431.008	513	1
2_Pbx1mt_peak_13634_lociStitched	chr5	151069592	151074510	2	381	5223.8996	608.3566	514	1
5_Pbx1mt_peak_9527_lociStitched	chr2	126039415	126065186	5	1215	7357.6205	2744.6115	515	1
2_Pbx1mt_peak_9159_lociStitched	chr2	77102540	77111612	2	722	5682.7008	1073.2176	516	1
2_Pbx1mt_peak_7649_lociStitched	chr18	4969746	4971386	2	859	4855.22	251.74	517	1
5_Pbx1mt_peak_13218_lociStitched	chr5	65086641	65096382	5	1228	5763.7497	1165.0236	518	1
4_Pbx1mt_peak_10082_lociStitched	chr3	38073984	38084841	4	887	5697.7536	1110.6711	519	1
6_Pbx1mt_peak_8018_lociStitched	chr18	57158533	57173687	6	1471	6066.1462	1486.6074	520	1
4_Pbx1mt_peak_9068_lociStitched	chr2	61450819	61454826	4	1339	5084.883	506.8855	521	1
6_Pbx1mt_peak_4341_lociStitched	chr13	109651850	109662960	6	1532	5967.181	1402.082	522	1
2_Pbx1mt_peak_6097_lociStitched	chr15	64355998	64364394	2	613	5914.982	1355.1144	523	1
2_Pbx1mt_peak_14782_lociStitched	chr7	109707458	109709355	2	487	4779.6812	223.2769	524	1
2_Pbx1mt_peak_9539_lociStitched	chr2	127845594	127850685	2	842	4998.8529	448.008	525	1
3_Pbx1mt_peak_5933_lociStitched	chr15	59106013	59109451	3	747	4943.5002	418.7484	526	1
4_Pbx1mt_peak_18101_lociStitched	chr9	9180767	9199085	4	1369	6365.505	1862.9406	527	1
3_Pbx1mt_peak_11886_lociStitched	chr4	129827274	129830127	3	1116	4885.1919	399.1347	528	1
2_Pbx1mt_peak_5803_lociStitched	chr15	55431204	55441029	2	731	5960.8275	1477.68	529	1
2_Pbx1mt_peak_7543_lociStitched	chr17	79536635	79540327	2	341	4989.738	509.8652	530	1
3_Pbx1mt_peak_10369_lociStitched	chr3	79978312	79990761	3	585	6026.5609	1547.4107	531	1
4_Pbx1mt_peak_14525_lociStitched	chr7	51818367	51832110	4	737	5651.1216	1179.1494	532	1
3_Pbx1mt_peak_8518_lociStitched	chr19	37954786	37956379	3	980	4706.3592	236.2419	533	1
2_Pbx1mt_peak_6691_lociStitched	chr16	33878225	33889429	2	300	5710.6788	1259.3296	534	1
3_Pbx1mt_peak_6107_lociStitched	chr15	64542214	64546345	3	611	5038.1676	592.3854	535	1
3_Pbx1mt_peak_15579_lociStitched	chr8	36961712	36973739	3	967	5764.5411	1326.5781	536	1
2_Pbx1mt_peak_2379_lociStitched	chr10	98629293	98638494	2	515	5759.826	1333.2249	537	1
2_Pbx1mt_peak_13364_lociStitched	chr5	96037900	96039960	2	882	4658.072	232.368	538	1
2_Pbx1mt_peak_10061_lociStitched	chr3	37128345	37129629	2	621	4644.9984	224.3148	539	1
3_Pbx1mt_peak_5938_lociStitched	chr15	59230671	59242045	3	615	5988.411	1568.4746	540	1
2_Pbx1mt_peak_10881_lociStitched	chr3	135670920	135673649	2	445	4807.6793	391.0657	541	1
3_Pbx1mt_peak_1535_lociStitched	chr10	7111490	7114257	3	1281	4791.3372	377.1421	542	1
2_Pbx1mt_peak_239_lociStitched	chr1	45626025	45628167	2	388	4706.4024	294.525	543	1
3_Pbx1mt_peak_7358_lociStitched	chr17	54155978	54171125	3	757	6126.9615	1716.1551	544	1
3_Pbx1mt_peak_2890_lociStitched	chr12	73265585	73274281	3	679	5446.3048	1036.5632	545	1
3_Pbx1mt_peak_6626_lociStitched	chr16	24909003	24913892	3	694	4952.0681	543.1679	546	1
4_Pbx1mt_peak_5867_lociStitched	chr15	56654925	56670477	4	712	6405.8688	2004.6528	547	1
2_Pbx1mt_peak_10315_lociStitched	chr3	65633705	65636202	2	350	4703.8486	306.6316	548	1
3_Pbx1mt_peak_12958_lociStitched	chr5	16056881	16064199	3	760	5303.3546	906.7002	549	1
6_Pbx1mt_peak_13983_lociStitched	chr6	58593949	58609696	6	3083	7549.1118	3165.147	550	1
2_Pbx1mt_peak_19622_lociStitched	chrX	166803501	166805875	2	695	4654.7018	271.3482	551	1
3_Pbx1mt_peak_13279_lociStitched	chr5	81068986	81074331	3	987	5043.542	664.918	552	1
5_Pbx1mt_peak_6801_lociStitched	chr16	45798672	45811119	5	1190	5556.3408	1183.7097	553	1
6_Pbx1mt_peak_4584_lociStitched	chr14	22887183	22919240	6	1525	7719.3256	3346.7508	554	1
2_Pbx1mt_peak_15_lociStitched	chr1	8320582	8324233	2	523	4726.9497	362.9094	555	1
6_Pbx1mt_peak_4970_lociStitched	chr14	101561574	101587936	6	1680	7207.3708	2852.3684	556	1
2_Pbx1mt_peak_9515_lociStitched	chr2	125540597	125549492	2	484	5278.293	925.9695	557	1
3_Pbx1mt_peak_18506_lociStitched	chr9	66116186	66121708	3	604	4946.6076	596.9282	558	1
2_Pbx1mt_peak_8745_lociStitched	chr2	14136972	14145772	2	770	5336.32	995.28	559	1
3_Pbx1mt_peak_15671_lociStitched	chr8	46868329	46876365	3	1249	5141.4328	801.9928	560	1
3_Pbx1mt_peak_65_lociStitched	chr1	16996623	17008158	3	1185	5659.071	1325.3715	561	1
2_Pbx1mt_peak_5462_lociStitched	chr15	33693143	33702488	2	545	5763.0615	1435.392	562	1
2_Pbx1mt_peak_15751_lociStitched	chr8	61796654	61804106	2	651	5161.2552	834.624	563	1
2_Pbx1mt_peak_9010_lociStitched	chr2	58505548	58510371	2	371	4889.0751	563.8087	564	1
2_Pbx1mt_peak_13248_lociStitched	chr5	74897304	74904082	2	301	4893.0382	572.0632	565	1
3_Pbx1mt_peak_10371_lociStitched	chr3	80874149	80885558	3	549	5543.6331	1226.4675	566	1
2_Pbx1mt_peak_10070_lociStitched	chr3	37805839	37817003	2	384	5607.6772	1300.606	567	1
3_Pbx1mt_peak_3814_lociStitched	chr13	46522832	46534772	3	1358	5269.122	963.558	568	1
2_Pbx1mt_peak_4273_lociStitched	chr13	102895905	102900245	2	326	4793.096	491.288	569	1
4_Pbx1mt_peak_2192_lociStitched	chr10	84335487	84345942	4	1098	5487.8295	1186.6425	570	1
3_Pbx1mt_peak_11842_lociStitched	chr4	123034946	123036781	3	827	4490.7955	193.776	571	1
5_Pbx1mt_peak_5526_lociStitched	chr15	36773058	36783693	5	928	5978.997	1688.838	572	1
3_Pbx1mt_peak_17222_lociStitched	chr8	88254408	88265802	3	685	5896.395	1630.4814	573	1
4_Pbx1mt_peak_5898_lociStitched	chr15	57780293	57809349	4	790	7696.9344	3460.5696	574	1
2_Pbx1mt_peak_2027_lociStitched	chr10	63124117	63128614	2	378	4808.6421	573.8172	575	1
3_Pbx1mt_peak_4404_lociStitched	chr13	113485258	113491526	3	996	4778.0964	557.2252	576	1
5_Pbx1mt_peak_17422_lociStitched	chr8	91206850	91218759	5	1553	6068.8264	1850.6586	577	1
5_Pbx1mt_peak_10488_lociStitched	chr3	93562405	93579646	5	1819	5972.2824	1755.1338	578	1
3_Pbx1mt_peak_6971_lociStitched	chr16	86340225	86347246	3	1096	5052.3116	846.7326	579	1
5_Pbx1mt_peak_3337_lociStitched	chr13	9340294	9354092	5	1182	5760.665	1556.4144	580	1
2_Pbx1mt_peak_5264_lociStitched	chr15	22733055	22739908	2	540	5192.5181	994.3703	581	1
3_Pbx1mt_peak_10662_lociStitched	chr3	107797005	107814627	3	625	5995.0044	1802.7306	582	1
3_Pbx1mt_peak_6948_lociStitched	chr16	85137447	85148907	3	880	5379.324	1188.402	583	1
3_Pbx1mt_peak_7940_lociStitched	chr18	47065271	47066456	3	761	4313.874	126.4395	584	1
4_Pbx1mt_peak_5322_lociStitched	chr15	26041371	26051726	4	966	5541.996	1355.4695	585	1
4_Pbx1mt_peak_7756_lociStitched	chr18	20801891	20812468	4	1456	5642.8295	1457.5106	586	1
3_Pbx1mt_peak_10206_lociStitched	chr3	55191722	55195377	3	870	4666.704	506.2175	587	1
2_Pbx1mt_peak_2636_lociStitched	chr12	9912424	9922067	2	482	5202.3985	1079.0517	588	1
3_Pbx1mt_peak_5678_lociStitched	chr15	50691081	50698411	3	663	5308.386	1186.727	589	1
3_Pbx1mt_peak_11523_lociStitched	chr4	82164127	82168364	3	913	4606.0427	486.4076	590	1
3_Pbx1mt_peak_5911_lociStitched	chr15	58259320	58263225	3	603	4652.417	540.452	591	1
2_Pbx1mt_peak_5716_lociStitched	chr15	52928139	52929237	2	890	4321.179	214.5492	592	1
3_Pbx1mt_peak_11658_lociStitched	chr4	95434630	95440618	3	812	4771.8372	672.4524	593	1
5_Pbx1mt_peak_6788_lociStitched	chr16	45364778	45371300	5	1386	4703.0142	603.9372	594	1
2_Pbx1mt_peak_7311_lociStitched	chr17	44647931	44654749	2	365	4858.5068	765.6614	595	1
3_Pbx1mt_peak_13641_lociStitched	chr5	151154825	151165026	3	575	5265.7562	1182.2959	596	1
3_Pbx1mt_peak_18597_lociStitched	chr9	76023563	76026290	3	633	4405.1958	328.0581	597	1
3_Pbx1mt_peak_1990_lociStitched	chr10	58352482	58359422	3	787	4912.826	864.724	598	1
2_Pbx1mt_peak_413_lociStitched	chr1	63190898	63199688	2	396	4972.503	957.231	599	1
2_Pbx1mt_peak_318_lociStitched	chr1	54128951	54136743	2	494	4887.1424	873.4832	600	1
2_Pbx1mt_peak_1167_lociStitched	chr1	163561112	163562779	2	585	4197.506	200.3734	601	1
3_Pbx1mt_peak_11263_lociStitched	chr4	53478627	53504094	3	773	6825.156	2829.3837	602	1
4_Pbx1mt_peak_86_lociStitched	chr1	20624396	20635178	4	1449	5104.1988	1112.7024	603	1
2_Pbx1mt_peak_18455_lociStitched	chr9	58272432	58275639	2	363	4250.2371	260.4084	604	1
4_Pbx1mt_peak_18617_lociStitched	chr9	78500476	78514341	4	1305	5100.9335	1118.9055	605	1
3_Pbx1mt_peak_6447_lociStitched	chr15	103388613	103394093	3	428	4770.888	799.532	606	1
2_Pbx1mt_peak_10704_lociStitched	chr3	116929092	116937196	2	495	4959.648	988.688	607	1
2_Pbx1mt_peak_12462_lociStitched	chr4	150798900	150799845	2	511	4062.933	95.256	608	1
3_Pbx1mt_peak_14798_lociStitched	chr7	111156119	111159079	3	567	4227.472	262.256	609	1
3_Pbx1mt_peak_1353_lociStitched	chr1	184061435	184066382	3	670	4490.3919	540.2124	610	1
3_Pbx1mt_peak_14415_lociStitched	chr7	16357546	16365545	3	871	4705.8117	755.9055	611	1
2_Pbx1mt_peak_5708_lociStitched	chr15	52739609	52740924	2	895	4178.544	238.278	612	1
2_Pbx1mt_peak_4282_lociStitched	chr13	103239536	103247516	2	946	4826.304	887.376	613	1
2_Pbx1mt_peak_3166_lociStitched	chr12	98280655	98283833	2	554	4278.5414	343.5418	614	1
2_Pbx1mt_peak_3149_lociStitched	chr12	95489292	95492288	2	710	4354.686	428.428	615	1
2_Pbx1mt_peak_3734_lociStitched	chr13	37680971	37692321	2	478	5115.445	1192.885	616	1
3_Pbx1mt_peak_15687_lociStitched	chr8	49312909	49327275	3	815	5767.949	1846.031	617	1
3_Pbx1mt_peak_13919_lociStitched	chr6	51170963	51178425	3	811	4805.528	894.6938	618	1
1_Pbx1mt_peak_2916_lociStitched	chr12	74803810	74804561	1	752	6504.9367	2595.456	619	1
3_Pbx1mt_peak_5713_lociStitched	chr15	52786446	52805626	3	435	6469.414	2579.71	620	1
2_Pbx1mt_peak_18540_lociStitched	chr9	70250109	70255265	2	984	4352.6952	466.618	621	1
2_Pbx1mt_peak_14010_lociStitched	chr6	67102984	67106738	2	292	4290.822	405.0566	622	1
2_Pbx1mt_peak_11221_lociStitched	chr4	45271213	45275988	2	455	4355.2775	478.9325	623	1
2_Pbx1mt_peak_8709_lociStitched	chr2	9473016	9482231	2	588	4825.8955	953.7525	624	1
5_Pbx1mt_peak_3614_lociStitched	chr13	31465223	31474364	5	1085	4840.1595	975.3447	625	1
3_Pbx1mt_peak_18722_lociStitched	chr9	92374629	92384634	3	1293	4722.36	858.429	626	1
2_Pbx1mt_peak_13695_lociStitched	chr6	8347236	8353092	2	409	4563.5808	702.72	627	1
3_Pbx1mt_peak_1614_lociStitched	chr10	17034826	17038992	3	544	4541.3566	693.2224	628	1
3_Pbx1mt_peak_4394_lociStitched	chr13	112425170	112447514	3	770	5999.364	2151.7272	629	1
2_Pbx1mt_peak_9588_lociStitched	chr2	135361814	135373172	2	717	5071.347	1224.3924	630	1
3_Pbx1mt_peak_4578_lociStitched	chr14	22814602	22823284	3	991	4991.2818	1145.1558	631	1
2_Pbx1mt_peak_14618_lociStitched	chr7	74445141	74451369	2	572	4312.2672	476.442	632	1
2_Pbx1mt_peak_18918_lociStitched	chr9	121332083	121342018	2	377	4445.9125	618.9505	633	1
2_Pbx1mt_peak_14594_lociStitched	chr7	72540078	72542086	2	863	4021.4216	196.1816	634	1
3_Pbx1mt_peak_7528_lociStitched	chr17	79091759	79094270	3	870	4149.4275	327.9366	635	1
5_Pbx1mt_peak_18312_lociStitched	chr9	41589189	41596241	5	1394	4510.4592	698.8532	636	1
4_Pbx1mt_peak_9758_lociStitched	chr2	158049406	158066744	4	1254	6075.2352	2273.0118	637	1
3_Pbx1mt_peak_4859_lociStitched	chr14	72770407	72790038	3	809	5781.3295	1990.5834	638	1
3_Pbx1mt_peak_5963_lociStitched	chr15	61240359	61244816	3	886	4385.688	619.9687	639	1
3_Pbx1mt_peak_12522_lociStitched	chr5	12293689	12297719	3	876	4271.8	506.974	640	1
2_Pbx1mt_peak_14091_lociStitched	chr6	89859851	89864140	2	632	4342.1836	577.7283	641	1
3_Pbx1mt_peak_14335_lociStitched	chr6	137126315	137138874	3	744	5076.3478	1317.4391	642	1
3_Pbx1mt_peak_18449_lociStitched	chr9	57856525	57870722	3	700	5125.117	1367.1711	643	1
3_Pbx1mt_peak_2499_lociStitched	chr10	118640207	118649257	3	1629	4851.705	1095.955	644	1
2_Pbx1mt_peak_5201_lociStitched	chr15	10890344	10901375	2	498	5291.5707	1555.371	645	1
3_Pbx1mt_peak_9416_lociStitched	chr2	117140106	117152462	3	638	5277.2476	1549.4424	646	1
2_Pbx1mt_peak_2285_lociStitched	chr10	93800393	93801210	2	339	3840.5536	121.9781	647	1
4_Pbx1mt_peak_13675_lociStitched	chr6	5429745	5443771	4	979	5150.3472	1436.2624	648	1
3_Pbx1mt_peak_11664_lociStitched	chr4	95526612	95534215	3	912	4429.5078	751.1764	649	1
3_Pbx1mt_peak_13563_lociStitched	chr5	136522947	136532318	3	672	4778.2729	1112.3377	650	1
2_Pbx1mt_peak_540_lociStitched	chr1	74248873	74249865	2	412	3749.0656	91.4624	651	1
3_Pbx1mt_peak_18701_lociStitched	chr9	88273263	88276507	3	1418	3990.4444	339.3224	652	1
2_Pbx1mt_peak_5691_lociStitched	chr15	51675631	51682071	2	455	4433.296	792.12	653	1
2_Pbx1mt_peak_11401_lociStitched	chr4	63590022	63595049	2	782	4050.2539	410.2032	654	1
2_Pbx1mt_peak_7533_lociStitched	chr17	79290772	79299293	2	465	4513.5737	878.5151	655	1
2_Pbx1mt_peak_227_lociStitched	chr1	44580396	44592126	2	845	4907.832	1282.089	656	1
3_Pbx1mt_peak_8161_lociStitched	chr18	69410349	69415996	3	886	4268.0026	646.0168	657	1
4_Pbx1mt_peak_53_lociStitched	chr1	16779911	16796904	4	1047	5483.6411	1862.4328	658	1
4_Pbx1mt_peak_9694_lociStitched	chr2	148622361	148639472	4	922	5383.1206	1762.433	659	1
3_Pbx1mt_peak_2037_lociStitched	chr10	66849666	66853522	3	774	4039.9312	425.3168	660	1
3_Pbx1mt_peak_3184_lociStitched	chr12	100391881	100397153	3	656	4256.0856	643.184	661	1
7_Pbx1mt_peak_4572_lociStitched	chr14	22608754	22651494	7	2322	7953.914	4342.384	662	1
2_Pbx1mt_peak_1894_lociStitched	chr10	44070226	44079521	2	479	4727.437	1119.118	663	1
4_Pbx1mt_peak_13161_lociStitched	chr5	53419506	53437197	4	920	5462.9808	1859.3241	664	1
2_Pbx1mt_peak_11078_lociStitched	chr4	3766442	3776390	2	350	4591.002	989.826	665	1
2_Pbx1mt_peak_8490_lociStitched	chr19	36111094	36116418	2	338	4236.8392	643.1392	666	1
3_Pbx1mt_peak_8943_lociStitched	chr2	50072161	50085024	3	551	4715.5758	1124.2262	667	1
1_Pbx1mt_peak_7997_lociStitched	chr18	55195797	55196930	1	1134	3697.8854	106.8419	668	1
4_Pbx1mt_peak_6057_lociStitched	chr15	63360480	63371667	4	855	5309.3502	1739.5785	669	1
2_Pbx1mt_peak_10901_lociStitched	chr3	137150463	137151938	2	878	3709.625	142.0425	670	1
3_Pbx1mt_peak_7980_lociStitched	chr18	53885339	53903697	3	635	5430.2964	1867.0086	671	1
2_Pbx1mt_peak_9443_lociStitched	chr2	117745858	117749335	2	894	4085.1273	524.3316	672	1
2_Pbx1mt_peak_14322_lociStitched	chr6	135102909	135113204	2	606	4475.2365	923.4615	673	1
2_Pbx1mt_peak_2666_lociStitched	chr12	16836130	16841415	2	707	4134.984	587.692	674	1
5_Pbx1mt_peak_5702_lociStitched	chr15	52505422	52515120	5	1417	4920.7652	1374.2066	675	1
2_Pbx1mt_peak_3542_lociStitched	chr13	28455837	28457731	2	956	3711.293	170.8388	676	1
7_Pbx1mt_peak_11234_lociStitched	chr4	47396189	47417783	7	1711	5890.8432	2351.5866	677	1
2_Pbx1mt_peak_6773_lociStitched	chr16	45036946	45038944	2	402	3801.195	263.1366	678	1
3_Pbx1mt_peak_1970_lociStitched	chr10	56782247	56788508	3	998	4435.9185	900.3318	679	1
3_Pbx1mt_peak_566_lociStitched	chr1	78603020	78611382	3	637	4158.4226	624.6414	680	1
4_Pbx1mt_peak_4506_lociStitched	chr14	14838434	14864147	4	1013	5875.4205	2345.0256	681	1
2_Pbx1mt_peak_9091_lociStitched	chr2	69077032	69083309	2	967	4257.6891	735.0367	682	1
3_Pbx1mt_peak_11654_lociStitched	chr4	95389758	95398647	3	604	4520.9454	1001.7903	683	1
2_Pbx1mt_peak_13355_lociStitched	chr5	93130088	93131852	2	333	3728.7432	211.3272	684	1
2_Pbx1mt_peak_11741_lociStitched	chr4	102432038	102439648	2	877	4239.531	722.95	685	1
4_Pbx1mt_peak_18175_lociStitched	chr9	23457295	23465577	4	704	4246.1814	737.9262	686	1
4_Pbx1mt_peak_9059_lociStitched	chr2	61061039	61083360	4	686	6008.8132	2504.4162	687	1
2_Pbx1mt_peak_14715_lociStitched	chr7	89664295	89667829	2	470	3777.846	279.5394	688	1
3_Pbx1mt_peak_13180_lociStitched	chr5	57755864	57758517	3	869	3829.8708	337.9922	689	1
2_Pbx1mt_peak_1555_lociStitched	chr10	12689238	12695098	2	532	4082.662	591.86	690	1
2_Pbx1mt_peak_5278_lociStitched	chr15	23597351	23600815	2	457	4015.8152	527.2208	691	1
2_Pbx1mt_peak_18653_lociStitched	chr9	84178534	84184279	2	1334	4018.6275	533.7105	692	1
3_Pbx1mt_peak_307_lociStitched	chr1	53808845	53824462	3	653	5337.8906	1853.7379	693	1
2_Pbx1mt_peak_3715_lociStitched	chr13	37010790	37021922	2	388	4432.7624	960.6916	694	1
3_Pbx1mt_peak_8718_lociStitched	chr2	12325378	12329407	3	862	3922.2315	454.0683	695	1
2_Pbx1mt_peak_3586_lociStitched	chr13	29737853	29746867	2	906	4375.3956	920.3294	696	1
3_Pbx1mt_peak_11534_lociStitched	chr4	82435937	82439018	3	767	3792.0948	341.3748	697	1
2_Pbx1mt_peak_4500_lociStitched	chr14	14593934	14604698	2	506	4530.5676	1082.8584	698	1
2_Pbx1mt_peak_3743_lociStitched	chr13	40982827	40994995	2	686	4745.52	1306.8432	699	1
2_Pbx1mt_peak_2260_lociStitched	chr10	91156348	91157254	2	508	3588.8472	154.6542	700	1
