#Myog_60hr_MT_peaks Enhancers
#Created from DYSE_OUT_1906232025_2/ROSE_OUTPUT/Myog_60hr_MT_peaks/Myog_60hr_MT_peaks_12KB_STITCHED_TSS_DISTAL_ENHANCER_REGION_MAP.txt
#Ranked by X2d_myotH3K27ac.bam
#Using cutoff of 5524.7346 for Super-Enhancers
#Created on Jun 23 2019 
REGION_ID	CHROM	START	STOP	NUM_LOCI	CONSTITUENT_SIZE	X2d_myotH3K27ac.bam	Input_MT_2d.bam	enhancerRank	isSuper
11_Myog_60hr_MT_peak_20571_lociStitched	chr19	5809099	5850436	11	4056	89788.0977	5167.125	1	1
25_Myog_60hr_MT_peak_39754_lociStitched	chr8	126819427	126887839	25	6386	63712.0956	5951.844	2	1
17_Myog_60hr_MT_peak_16810_lociStitched	chr16	92928346	93008265	17	5103	62712.4393	8695.1872	3	1
16_Myog_60hr_MT_peak_9527_lociStitched	chr12	86796031	86836918	16	4095	53705.0745	4391.2638	4	1
7_Myog_60hr_MT_peak_14136_lociStitched	chr15	66877835	66906657	7	2790	52245.6394	4046.6088	5	1
22_Myog_60hr_MT_peak_8150_lociStitched	chr11	117949345	118013659	22	6054	54609.0174	6862.3038	6	1
18_Myog_60hr_MT_peak_14488_lociStitched	chr15	77784150	77820389	18	5664	50854.1887	5276.3984	7	1
9_Myog_60hr_MT_peak_20752_lociStitched	chr19	9053174	9082725	9	1647	49296.9782	3735.2464	8	1
8_Myog_60hr_MT_peak_18725_lociStitched	chr17	70738208	70755926	8	1964	46881.828	2193.4884	9	1
12_Myog_60hr_MT_peak_16233_lociStitched	chr16	30490853	30533225	12	3130	48668.4792	4576.176	10	1
17_Myog_60hr_MT_peak_13996_lociStitched	chr15	58976647	59018872	17	3967	50023.9575	6308.415	11	1
15_Myog_60hr_MT_peak_38491_lociStitched	chr8	88254641	88317518	15	4360	52357.6779	8658.1629	12	1
9_Myog_60hr_MT_peak_32197_lociStitched	chr5	149374091	149401684	9	1598	45776.787	3189.7508	13	1
22_Myog_60hr_MT_peak_39000_lociStitched	chr8	111693253	111771878	22	7096	47646.75	6651.675	14	1
6_Myog_60hr_MT_peak_25312_lociStitched	chr3	41172724	41195651	6	1281	43274.7125	2570.1167	15	1
17_Myog_60hr_MT_peak_39718_lociStitched	chr8	126565341	126616122	17	5651	44687.28	4351.9317	16	1
10_Myog_60hr_MT_peak_17627_lociStitched	chr17	26567883	26618585	10	2316	43705.124	5683.6942	17	1
11_Myog_60hr_MT_peak_13761_lociStitched	chr15	38447295	38474952	11	4334	40901.9373	3753.0549	18	1
8_Myog_60hr_MT_peak_14506_lociStitched	chr15	77876047	77890313	8	2218	39255.7522	2129.9138	19	1
7_Myog_60hr_MT_peak_4786_lociStitched	chr10	118979295	119016448	7	1291	41748.8261	4900.4807	20	1
14_Myog_60hr_MT_peak_15033_lociStitched	chr15	85670195	85725234	14	2794	44273.3716	7672.4366	21	1
8_Myog_60hr_MT_peak_8900_lociStitched	chr12	52824896	52878079	8	1812	42046.4798	5663.9895	22	1
10_Myog_60hr_MT_peak_22897_lociStitched	chr2	60682811	60717743	10	2823	40395.3648	4017.18	23	1
15_Myog_60hr_MT_peak_31058_lociStitched	chr5	111196089	111248293	15	3798	41507.4004	5533.624	24	1
12_Myog_60hr_MT_peak_9531_lociStitched	chr12	86859889	86898613	12	3919	38522.6352	4023.4236	25	1
16_Myog_60hr_MT_peak_8055_lociStitched	chr11	117216808	117276404	16	4670	40620.6336	6275.4588	26	1
7_Myog_60hr_MT_peak_32440_lociStitched	chr6	31073433	31117942	7	1265	38651.6156	4749.1103	27	1
14_Myog_60hr_MT_peak_35223_lociStitched	chr7	46338257	46380963	14	6629	37060.2668	3301.1738	28	1
10_Myog_60hr_MT_peak_6906_lociStitched	chr11	88585491	88622095	10	1989	36596.6792	4015.4588	29	1
12_Myog_60hr_MT_peak_15426_lociStitched	chr15	99796516	99846984	12	3372	39228.7764	6712.244	30	1
3_Myog_60hr_MT_peak_9555_lociStitched	chr12	88211463	88219747	3	623	33331.5024	1806.7404	31	1
10_Myog_60hr_MT_peak_26465_lociStitched	chr3	121464999	121512558	10	2428	36720.3039	5298.0726	32	1
12_Myog_60hr_MT_peak_10949_lociStitched	chr13	51960346	51994398	12	3343	34978.2144	3602.7016	33	1
46_Myog_60hr_MT_peak_34041_lociStitched	chr6	127953194	128117435	46	11340	46003.9041	14765.2659	34	1
15_Myog_60hr_MT_peak_682_lociStitched	chr1	72944432	72989461	15	3248	36095.2464	4867.6349	35	1
6_Myog_60hr_MT_peak_25832_lociStitched	chr3	88488451	88510356	6	2988	33549.698	2797.2685	36	1
13_Myog_60hr_MT_peak_40534_lociStitched	chr9	58275189	58317049	13	2702	34283.34	3750.656	37	1
9_Myog_60hr_MT_peak_14764_lociStitched	chr15	81031748	81079541	9	1787	36910.5339	6557.1996	38	1
11_Myog_60hr_MT_peak_40933_lociStitched	chr9	70198119	70255336	11	3070	35405.8796	5195.3036	39	1
3_Myog_60hr_MT_peak_3413_lociStitched	chr10	45299631	45315134	3	880	32560.9509	2362.6572	40	1
8_Myog_60hr_MT_peak_29582_lociStitched	chr4	150772335	150809620	8	1549	33403.6315	3333.279	41	1
7_Myog_60hr_MT_peak_13461_lociStitched	chr15	25761735	25780131	7	1828	32220.594	2680.2972	42	1
9_Myog_60hr_MT_peak_35434_lociStitched	chr7	65388230	65439855	9	1944	34046.6875	4749.5	43	1
3_Myog_60hr_MT_peak_6797_lociStitched	chr11	86570276	86580620	3	783	30537.5568	1312.6536	44	1
4_Myog_60hr_MT_peak_26789_lociStitched	chr3	144664987	144680114	4	1247	30728.9878	1653.3811	45	1
8_Myog_60hr_MT_peak_19179_lociStitched	chr18	5809347	5836140	8	2097	32403.4542	3456.297	46	1
12_Myog_60hr_MT_peak_9796_lociStitched	chr12	104969611	105005810	12	4566	33187.2432	4275.1019	47	1
13_Myog_60hr_MT_peak_24441_lociStitched	chr2	163344958	163387187	13	3855	33386.2474	4636.7442	48	1
8_Myog_60hr_MT_peak_173_lociStitched	chr1	34095212	34128104	8	1920	31757.226	3581.9388	49	1
12_Myog_60hr_MT_peak_17671_lociStitched	chr17	27118821	27161230	12	3023	32328.3807	4190.0092	50	1
16_Myog_60hr_MT_peak_1669_lociStitched	chr1	134060825	134100518	16	5037	32540.3214	4501.1862	51	1
8_Myog_60hr_MT_peak_15381_lociStitched	chr15	99332917	99359221	8	2193	31996.1856	3974.5344	52	1
27_Myog_60hr_MT_peak_17950_lociStitched	chr17	31728990	31805557	27	8064	35358.6406	7342.7753	53	1
13_Myog_60hr_MT_peak_30313_lociStitched	chr5	36356646	36392903	13	4210	31753.8806	3897.6275	54	1
7_Myog_60hr_MT_peak_31083_lociStitched	chr5	111877278	111893252	7	2780	29831.445	2043.0746	55	1
3_Myog_60hr_MT_peak_29922_lociStitched	chr5	21487878	21505410	3	430	29590.5096	2182.734	56	1
28_Myog_60hr_MT_peak_12138_lociStitched	chr14	25470527	25525296	28	7928	32943.5535	5652.1608	57	1
23_Myog_60hr_MT_peak_39315_lociStitched	chr8	121990936	122055861	23	6250	32637.7975	5427.73	58	1
23_Myog_60hr_MT_peak_24667_lociStitched	chr2	167232189	167336911	23	6626	37438.115	10283.7004	59	1
10_Myog_60hr_MT_peak_17125_lociStitched	chr17	7642562	7664763	10	2016	29906.9671	2897.2305	60	1
12_Myog_60hr_MT_peak_12184_lociStitched	chr14	25734732	25774382	12	4440	30831.84	3913.455	61	1
11_Myog_60hr_MT_peak_28241_lociStitched	chr4	118030065	118103692	11	3153	33728.5287	7127.0936	62	1
4_Myog_60hr_MT_peak_30090_lociStitched	chr5	31627637	31638111	4	881	27902.736	1308.2026	63	1
15_Myog_60hr_MT_peak_10591_lociStitched	chr13	37605437	37692410	15	3557	34789.2	8332.0134	64	1
12_Myog_60hr_MT_peak_1163_lociStitched	chr1	91022595	91065534	12	3198	31173.714	4980.924	65	1
9_Myog_60hr_MT_peak_30541_lociStitched	chr5	64360468	64398407	9	2446	30138.7416	3964.6255	66	1
9_Myog_60hr_MT_peak_11635_lociStitched	chr13	99433705	99474309	9	1962	30493.604	4421.7756	67	1
3_Myog_60hr_MT_peak_11302_lociStitched	chr13	70676284	70685473	3	593	27064.3617	1069.5996	68	1
9_Myog_60hr_MT_peak_19879_lociStitched	chr18	61360666	61398046	9	2615	29358.252	3483.816	69	1
7_Myog_60hr_MT_peak_28909_lociStitched	chr4	135276827	135318245	7	1548	29659.4298	3934.71	70	1
9_Myog_60hr_MT_peak_34245_lociStitched	chr6	145992394	146010803	9	2280	27475.4325	1848.2636	71	1
6_Myog_60hr_MT_peak_5230_lociStitched	chr11	8429432	8446313	6	1210	27619.0041	2007.1509	72	1
11_Myog_60hr_MT_peak_5081_lociStitched	chr11	4271023	4303234	11	2253	29009.2266	3398.2605	73	1
8_Myog_60hr_MT_peak_22889_lociStitched	chr2	60600970	60646906	8	2315	30786.3072	5622.5664	74	1
7_Myog_60hr_MT_peak_38429_lociStitched	chr8	84976074	84998338	7	3108	29023.3504	3860.5776	75	1
6_Myog_60hr_MT_peak_41676_lociStitched	chr9	116366299	116383968	6	1042	26994.6982	1865.8464	76	1
12_Myog_60hr_MT_peak_21552_lociStitched	chr19	53731727	53760314	12	2969	28295.4126	3230.331	77	1
15_Myog_60hr_MT_peak_24934_lociStitched	chr2	180185323	180235417	15	4796	29941.1838	4964.3154	78	1
9_Myog_60hr_MT_peak_24134_lociStitched	chr2	152781101	152820583	9	2111	29303.5404	4710.2026	79	1
16_Myog_60hr_MT_peak_8072_lociStitched	chr11	117289788	117327961	16	4862	28618.2981	4031.0688	80	1
35_Myog_60hr_MT_peak_29732_lociStitched	chr4	155118397	155189929	35	10298	30830.292	6366.348	81	1
22_Myog_60hr_MT_peak_8369_lociStitched	chr11	120206990	120273931	22	5121	31576.0697	7149.2988	82	1
5_Myog_60hr_MT_peak_11559_lociStitched	chr13	97757218	97784305	5	1234	27222.435	3041.8701	83	1
9_Myog_60hr_MT_peak_2809_lociStitched	chr1	192778304	192807163	9	2310	27730.6131	3627.5763	84	1
9_Myog_60hr_MT_peak_8010_lociStitched	chr11	116808088	116839265	9	1988	27747.53	3650.8267	85	1
14_Myog_60hr_MT_peak_4557_lociStitched	chr10	94520403	94568367	14	3190	29871.9792	5832.4224	86	1
15_Myog_60hr_MT_peak_23335_lociStitched	chr2	93426004	93477792	15	7208	29695.2392	5660.4284	87	1
9_Myog_60hr_MT_peak_9137_lociStitched	chr12	73774914	73802934	9	2308	26854.368	3163.458	88	1
27_Myog_60hr_MT_peak_31576_lociStitched	chr5	125106270	125189929	27	6424	32049.7629	8483.0226	89	1
11_Myog_60hr_MT_peak_39723_lociStitched	chr8	126666384	126736477	11	2898	29432.0507	5992.9515	90	1
3_Myog_60hr_MT_peak_11227_lociStitched	chr13	63108533	63118917	3	916	24583.0816	1249.1952	91	1
11_Myog_60hr_MT_peak_4083_lociStitched	chr10	80144990	80165282	11	5656	26107.6872	2802.3252	92	1
11_Myog_60hr_MT_peak_10126_lociStitched	chr12	113018853	113041774	11	3325	25570.6676	2395.2445	93	1
12_Myog_60hr_MT_peak_8301_lociStitched	chr11	119796290	119826133	12	3599	26279.7458	3351.3689	94	1
9_Myog_60hr_MT_peak_2921_lociStitched	chr10	7111676	7150137	9	2028	27980.3775	5092.2364	95	1
4_Myog_60hr_MT_peak_30111_lociStitched	chr5	32132984	32141359	4	1564	23770.7625	969.825	96	1
13_Myog_60hr_MT_peak_40734_lociStitched	chr9	63701417	63755265	13	3339	27128.6224	4361.688	97	1
6_Myog_60hr_MT_peak_16593_lociStitched	chr16	57412849	57429257	6	1192	24410.1816	1663.7712	98	1
14_Myog_60hr_MT_peak_31140_lociStitched	chr5	113845709	113883571	14	3354	26624.5584	4191.3234	99	1
9_Myog_60hr_MT_peak_25796_lociStitched	chr3	87973666	87987100	9	2955	24010.5882	1675.2198	100	1
9_Myog_60hr_MT_peak_17194_lociStitched	chr17	10024375	10042317	9	2317	24219.9058	1928.765	101	1
11_Myog_60hr_MT_peak_38365_lociStitched	chr8	84192088	84203790	11	2754	24173.9916	1986.9996	102	1
12_Myog_60hr_MT_peak_36366_lociStitched	chr7	112264985	112336624	12	2385	28089.6519	5931.7092	103	1
6_Myog_60hr_MT_peak_7222_lociStitched	chr11	98766921	98786816	6	2149	24158.4985	2266.0405	104	1
11_Myog_60hr_MT_peak_29236_lociStitched	chr4	141236966	141287966	11	3001	26137.5	4294.2	105	1
12_Myog_60hr_MT_peak_33336_lociStitched	chr6	91153292	91202859	12	4125	26533.2151	4723.7351	106	1
6_Myog_60hr_MT_peak_6659_lociStitched	chr11	79716284	79741048	6	2057	24625.3216	2818.1432	107	1
12_Myog_60hr_MT_peak_15388_lociStitched	chr15	99420485	99455108	12	2943	26434.6605	4660.2558	108	1
16_Myog_60hr_MT_peak_40824_lociStitched	chr9	66211082	66251370	16	3630	25848.7808	4109.376	109	1
9_Myog_60hr_MT_peak_13587_lociStitched	chr15	31302311	31338855	9	1582	26684.4288	4988.256	110	1
22_Myog_60hr_MT_peak_28348_lociStitched	chr4	120223152	120291382	22	7301	27912.893	6345.39	111	1
10_Myog_60hr_MT_peak_1794_lociStitched	chr1	135659850	135703061	10	2291	25939.5633	4377.2743	112	1
14_Myog_60hr_MT_peak_34605_lociStitched	chr7	19777072	19840770	14	3300	26046.1122	4573.5164	113	1
4_Myog_60hr_MT_peak_17991_lociStitched	chr17	31970995	31992299	4	1077	23430.1392	2283.7888	114	1
11_Myog_60hr_MT_peak_13690_lociStitched	chr15	36854901	36893895	11	3209	26375.5416	5232.9948	115	1
6_Myog_60hr_MT_peak_31471_lociStitched	chr5	123135530	123155699	6	2365	23117.7078	2059.2549	116	1
6_Myog_60hr_MT_peak_3202_lociStitched	chr10	31573337	31604178	6	1561	25147.7514	4185.1237	117	1
11_Myog_60hr_MT_peak_36272_lociStitched	chr7	110273747	110301063	11	3625	23013.73	2179.8168	118	1
9_Myog_60hr_MT_peak_24473_lociStitched	chr2	163674452	163722825	9	3836	25376.4758	4585.7604	119	1
6_Myog_60hr_MT_peak_31100_lociStitched	chr5	112260304	112288052	6	2061	23241.7248	2655.4836	120	1
8_Myog_60hr_MT_peak_21477_lociStitched	chr19	47486062	47509130	8	2321	22948.0464	2498.2644	121	1
14_Myog_60hr_MT_peak_31348_lociStitched	chr5	120560974	120585275	14	3800	22463.8444	2259.993	122	1
4_Myog_60hr_MT_peak_13047_lociStitched	chr14	76775509	76797353	4	703	22684.994	2557.9324	123	1
10_Myog_60hr_MT_peak_32085_lociStitched	chr5	144258876	144296224	10	2625	23955.0072	3962.6228	124	1
3_Myog_60hr_MT_peak_41935_lociStitched	chrX	7276598	7292517	3	898	21729.435	1762.2333	125	1
3_Myog_60hr_MT_peak_14876_lociStitched	chr15	83213323	83233630	3	433	22810.8531	3015.5895	126	1
4_Myog_60hr_MT_peak_33011_lociStitched	chr6	72976912	72993595	4	1503	21652.8657	1870.1643	127	1
14_Myog_60hr_MT_peak_17806_lociStitched	chr17	29049127	29073218	14	4642	22190.2201	2425.9637	128	1
7_Myog_60hr_MT_peak_21229_lociStitched	chr19	41999779	42018172	7	1830	21883.9914	2131.7487	129	1
8_Myog_60hr_MT_peak_24298_lociStitched	chr2	156716846	156737263	8	3580	21733.8965	1998.8243	130	1
13_Myog_60hr_MT_peak_14447_lociStitched	chr15	77008918	77038084	13	4258	23364.8826	3642.8334	131	1
4_Myog_60hr_MT_peak_26491_lociStitched	chr3	122088274	122099983	4	913	21268.2276	1593.5949	132	1
11_Myog_60hr_MT_peak_23207_lociStitched	chr2	91041899	91084492	11	3380	24175.7868	4519.1173	133	1
17_Myog_60hr_MT_peak_36764_lociStitched	chr7	130596576	130682003	17	3573	26268.8025	6671.8487	134	1
10_Myog_60hr_MT_peak_29060_lociStitched	chr4	137474110	137502195	10	2611	21984.938	2451.8205	135	1
3_Myog_60hr_MT_peak_27585_lociStitched	chr4	59218250	59231541	3	515	21217.7524	1705.2353	136	1
17_Myog_60hr_MT_peak_6692_lociStitched	chr11	80479448	80521447	17	5071	23805.0332	4309.0974	137	1
4_Myog_60hr_MT_peak_377_lociStitched	chr1	43237171	43260214	4	842	21932.3274	2599.2504	138	1
15_Myog_60hr_MT_peak_6859_lociStitched	chr11	88132194	88187880	15	3970	24095.3322	4827.9762	139	1
12_Myog_60hr_MT_peak_10862_lociStitched	chr13	49344583	49381487	12	3582	23098.2136	3863.8488	140	1
18_Myog_60hr_MT_peak_19536_lociStitched	chr18	35814846	35859129	18	5680	23230.8618	4038.6096	141	1
6_Myog_60hr_MT_peak_5699_lociStitched	chr11	52071806	52089330	6	1136	21240.8404	2062.5748	142	1
15_Myog_60hr_MT_peak_38394_lociStitched	chr8	84722871	84760003	15	4005	24948.9908	5781.4524	143	1
7_Myog_60hr_MT_peak_33440_lociStitched	chr6	97216268	97240467	7	1645	21612.1269	2458.6184	144	1
9_Myog_60hr_MT_peak_24729_lociStitched	chr2	167755046	167777564	9	1985	21326.7978	2195.505	145	1
15_Myog_60hr_MT_peak_28735_lociStitched	chr4	133070796	133117044	15	3847	23142.4992	4305.6888	146	1
11_Myog_60hr_MT_peak_1085_lociStitched	chr1	89536057	89581621	11	2785	23255.8656	4465.272	147	1
6_Myog_60hr_MT_peak_2602_lociStitched	chr1	184037072	184067212	6	1185	21990.144	3399.792	148	1
8_Myog_60hr_MT_peak_21071_lociStitched	chr19	32291952	32341339	8	1516	24061.3464	5521.4666	149	1
13_Myog_60hr_MT_peak_39299_lociStitched	chr8	121872090	121922327	13	4034	22164.5644	3627.1114	150	1
8_Myog_60hr_MT_peak_19583_lociStitched	chr18	37826306	37850028	8	1769	20585.9516	2163.4464	151	1
3_Myog_60hr_MT_peak_23822_lociStitched	chr2	128454605	128470690	3	503	20236.5385	1875.511	152	1
15_Myog_60hr_MT_peak_33254_lociStitched	chr6	89308303	89355002	15	5440	22499.5782	4212.2498	153	1
6_Myog_60hr_MT_peak_35777_lociStitched	chr7	80767126	80799504	6	875	20867.621	2606.429	154	1
3_Myog_60hr_MT_peak_10493_lociStitched	chr13	32925118	32934885	3	382	19505.6757	1270.6867	155	1
7_Myog_60hr_MT_peak_41048_lociStitched	chr9	75422388	75436244	7	1342	19542.5024	1352.3456	156	1
5_Myog_60hr_MT_peak_11602_lociStitched	chr13	99058599	99091827	5	1630	21658.0104	3485.6172	157	1
6_Myog_60hr_MT_peak_30279_lociStitched	chr5	36067339	36085863	6	1399	20035.5584	1939.4628	158	1
14_Myog_60hr_MT_peak_22451_lociStitched	chr2	32162277	32188069	14	3992	20592.3328	2574.0416	159	1
16_Myog_60hr_MT_peak_27324_lociStitched	chr4	45423811	45475173	16	4238	22953.6778	4976.9778	160	1
6_Myog_60hr_MT_peak_35446_lociStitched	chr7	65452366	65482492	6	1270	20639.3226	2708.3274	161	1
6_Myog_60hr_MT_peak_30787_lociStitched	chr5	93106079	93139668	6	1961	21453.2943	3553.7162	162	1
8_Myog_60hr_MT_peak_22318_lociStitched	chr2	30708209	30718510	8	2155	19023.8868	1176.3742	163	1
7_Myog_60hr_MT_peak_10923_lociStitched	chr13	51833654	51858755	7	2786	20326.7898	2532.6909	164	1
6_Myog_60hr_MT_peak_13959_lociStitched	chr15	58192237	58220064	6	2079	21604.8828	3890.2146	165	1
3_Myog_60hr_MT_peak_23172_lociStitched	chr2	84623534	84641110	3	458	19616.5736	1964.9968	166	1
10_Myog_60hr_MT_peak_3510_lociStitched	chr10	59792837	59825797	10	2353	21997.504	4396.864	167	1
5_Myog_60hr_MT_peak_5775_lociStitched	chr11	54059451	54075686	5	1764	19399.2015	1806.9555	168	1
7_Myog_60hr_MT_peak_17628_lociStitched	chr17	26645578	26665903	7	1885	19753.8675	2170.71	169	1
10_Myog_60hr_MT_peak_33030_lociStitched	chr6	82854348	82887132	10	2823	20811.2832	3242.3376	170	1
7_Myog_60hr_MT_peak_14542_lociStitched	chr15	78436799	78456398	7	1477	20065.4562	2541.9903	171	1
12_Myog_60hr_MT_peak_17980_lociStitched	chr17	31912448	31942012	12	4770	20405.0728	2897.272	172	1
14_Myog_60hr_MT_peak_8553_lociStitched	chr12	8434118	8457397	14	3515	19912.8566	2430.3276	173	1
8_Myog_60hr_MT_peak_16450_lociStitched	chr16	38368406	38389648	8	1904	19597.8692	2170.9324	174	1
5_Myog_60hr_MT_peak_37368_lociStitched	chr8	11372165	11387527	5	1305	18984.3596	1600.7204	175	1
4_Myog_60hr_MT_peak_11056_lociStitched	chr13	55156211	55174793	4	2125	18959.2146	1707.6858	176	1
3_Myog_60hr_MT_peak_3607_lociStitched	chr10	61275569	61285609	3	1199	18555.928	1314.236	177	1
8_Myog_60hr_MT_peak_26963_lociStitched	chr4	8927291	8963168	8	1898	21102.8514	3960.8208	178	1
7_Myog_60hr_MT_peak_23298_lociStitched	chr2	92931180	92953825	7	1784	19465.642	2339.2285	179	1
5_Myog_60hr_MT_peak_11212_lociStitched	chr13	60450808	60468087	5	1332	18806.4636	1708.8931	180	1
11_Myog_60hr_MT_peak_13439_lociStitched	chr15	25625539	25656838	11	2230	21421.0356	4341.1713	181	1
13_Myog_60hr_MT_peak_31572_lociStitched	chr5	125040259	125082026	13	4866	21109.0418	4030.5155	182	1
4_Myog_60hr_MT_peak_14035_lociStitched	chr15	59154615	59174320	4	1353	19600.5635	2543.9155	183	1
10_Myog_60hr_MT_peak_17659_lociStitched	chr17	27035294	27087661	10	2972	22140.7676	5241.9367	184	1
18_Myog_60hr_MT_peak_22056_lociStitched	chr2	26480227	26557050	18	5739	24614.0892	7751.4407	185	1
6_Myog_60hr_MT_peak_19833_lociStitched	chr18	60595320	60620754	6	1540	19144.1718	2342.4714	186	1
12_Myog_60hr_MT_peak_6560_lociStitched	chr11	77783239	77814317	12	3729	20091.927	3353.3162	187	1
30_Myog_60hr_MT_peak_36848_lociStitched	chr7	132697492	132773699	30	7781	22801.1344	6073.6979	188	1
4_Myog_60hr_MT_peak_4540_lociStitched	chr10	93792831	93803591	4	1068	17945.528	1283.668	189	1
18_Myog_60hr_MT_peak_28843_lociStitched	chr4	134579361	134645834	18	4755	22215.2766	5636.9104	190	1
4_Myog_60hr_MT_peak_13551_lociStitched	chr15	28131611	28139099	4	1123	17634.9888	1057.3056	191	1
5_Myog_60hr_MT_peak_14893_lociStitched	chr15	83469373	83481482	5	2198	18417.789	1959.2362	192	1
4_Myog_60hr_MT_peak_20891_lociStitched	chr19	16950090	16966385	4	1574	18388.9075	1997.767	193	1
5_Myog_60hr_MT_peak_40114_lociStitched	chr9	35333455	35344581	5	1770	17457.8066	1075.8842	194	1
9_Myog_60hr_MT_peak_14820_lociStitched	chr15	82130628	82164208	9	2913	21078.166	4701.2	195	1
5_Myog_60hr_MT_peak_33583_lociStitched	chr6	108528067	108537352	5	1189	17242.245	888.5745	196	1
4_Myog_60hr_MT_peak_1595_lociStitched	chr1	132333776	132355367	4	968	18566.1009	2254.1004	197	1
6_Myog_60hr_MT_peak_14576_lociStitched	chr15	78832735	78846066	6	2962	18064.8381	1758.3589	198	1
5_Myog_60hr_MT_peak_37518_lociStitched	chr8	15049593	15073173	5	1773	18510.3	2254.248	199	1
9_Myog_60hr_MT_peak_41362_lociStitched	chr9	102715087	102736389	9	3288	18404.928	2170.6738	200	1
11_Myog_60hr_MT_peak_21364_lociStitched	chr19	46460120	46490912	11	2540	19482.0984	3251.6352	201	1
17_Myog_60hr_MT_peak_9697_lociStitched	chr12	100977626	101018300	17	4980	19889.586	3660.66	202	1
6_Myog_60hr_MT_peak_25462_lociStitched	chr3	55097315	55116305	6	1658	18583.614	2362.356	203	1
3_Myog_60hr_MT_peak_20491_lociStitched	chr19	5013311	5017982	3	595	16822.6065	605.8287	204	1
3_Myog_60hr_MT_peak_23933_lociStitched	chr2	132203893	132222073	3	701	18223.632	2057.976	205	1
6_Myog_60hr_MT_peak_16914_lociStitched	chr16	95814539	95845066	6	1553	19210.6411	3071.0162	206	1
8_Myog_60hr_MT_peak_11491_lociStitched	chr13	94166679	94190728	8	1529	18813.5327	2729.5615	207	1
6_Myog_60hr_MT_peak_9096_lociStitched	chr12	73197467	73224129	6	1104	19367.2768	3290.0908	208	1
4_Myog_60hr_MT_peak_12309_lociStitched	chr14	31660838	31670106	4	718	17257.016	1191.8648	209	1
8_Myog_60hr_MT_peak_16203_lociStitched	chr16	30172873	30189394	8	3031	17812.9422	1769.3991	210	1
7_Myog_60hr_MT_peak_4914_lociStitched	chr10	127583709	127618421	7	1510	20070.4784	4037.0056	211	1
5_Myog_60hr_MT_peak_1416_lociStitched	chr1	119108653	119125829	5	785	17735.9376	1705.5768	212	1
7_Myog_60hr_MT_peak_3001_lociStitched	chr10	14017950	14049416	7	1699	19895.9518	3870.318	213	1
18_Myog_60hr_MT_peak_21469_lociStitched	chr19	47379192	47459544	18	4700	23430.6432	7408.4544	214	1
7_Myog_60hr_MT_peak_950_lociStitched	chr1	86434448	86448588	7	1265	17535.014	1529.948	215	1
7_Myog_60hr_MT_peak_30490_lociStitched	chr5	53933723	53952995	7	1197	18229.3848	2324.2032	216	1
7_Myog_60hr_MT_peak_18374_lociStitched	chr17	47511175	47542620	7	2689	18841.844	2980.986	217	1
7_Myog_60hr_MT_peak_3544_lociStitched	chr10	60191744	60213004	7	2048	18538.72	2678.76	218	1
10_Myog_60hr_MT_peak_1779_lociStitched	chr1	135524194	135568397	10	2467	20328.9597	4486.6045	219	1
8_Myog_60hr_MT_peak_5847_lociStitched	chr11	57683227	57722100	8	1648	19300.4445	3537.443	220	1
3_Myog_60hr_MT_peak_32504_lociStitched	chr6	34598895	34613440	3	455	17294.005	1572.3145	221	1
7_Myog_60hr_MT_peak_37137_lociStitched	chr7	142548250	142572902	7	2406	17271.1912	1634.4276	222	1
4_Myog_60hr_MT_peak_23825_lociStitched	chr2	128537477	128553579	4	980	17483.5516	1896.8156	223	1
7_Myog_60hr_MT_peak_36382_lociStitched	chr7	112454131	112499741	7	1369	19361.445	3776.508	224	1
11_Myog_60hr_MT_peak_3520_lociStitched	chr10	59885459	59919808	11	2844	19441.534	3871.1323	225	1
5_Myog_60hr_MT_peak_16772_lociStitched	chr16	92608294	92624154	5	970	17147.832	1627.236	226	1
10_Myog_60hr_MT_peak_1270_lociStitched	chr1	92766643	92790957	10	2728	18327.8932	2825.2868	227	1
14_Myog_60hr_MT_peak_20049_lociStitched	chr18	67368959	67408766	14	4362	18769.0005	3268.1547	228	1
5_Myog_60hr_MT_peak_23229_lociStitched	chr2	91291163	91308996	5	1179	17344.3758	1879.5982	229	1
5_Myog_60hr_MT_peak_12040_lociStitched	chr14	20874043	20894107	5	855	17951.2608	2552.1408	230	1
6_Myog_60hr_MT_peak_26527_lociStitched	chr3	123138320	123158761	6	1012	17585.3923	2195.3634	231	1
16_Myog_60hr_MT_peak_22398_lociStitched	chr2	31923725	31968808	16	4768	19782.4204	4400.1008	232	1
7_Myog_60hr_MT_peak_336_lociStitched	chr1	40272288	40290733	7	1348	17651.865	2287.18	233	1
11_Myog_60hr_MT_peak_15006_lociStitched	chr15	85600501	85614116	11	2872	17271.989	1971.452	234	1
10_Myog_60hr_MT_peak_16133_lociStitched	chr16	24200240	24238552	10	4010	19125.3504	3850.356	235	1
7_Myog_60hr_MT_peak_7347_lociStitched	chr11	100372810	100408913	7	2077	19047.9428	3776.3738	236	1
7_Myog_60hr_MT_peak_24220_lociStitched	chr2	155265556	155294156	7	1970	18243.94	3028.74	237	1
3_Myog_60hr_MT_peak_11238_lociStitched	chr13	63245355	63253440	3	539	15971.109	781.8195	238	1
3_Myog_60hr_MT_peak_34231_lociStitched	chr6	145855812	145872319	3	2610	17084.745	1914.812	239	1
10_Myog_60hr_MT_peak_2025_lociStitched	chr1	155201110	155244666	10	2289	19778.7796	4751.9596	240	1
5_Myog_60hr_MT_peak_32919_lociStitched	chr6	71962795	71990398	5	1093	17839.8189	2876.2326	241	1
5_Myog_60hr_MT_peak_11833_lociStitched	chr13	112754957	112780090	5	785	17779.0842	2817.4093	242	1
6_Myog_60hr_MT_peak_1260_lociStitched	chr1	92699030	92720869	6	1494	17331.4304	2426.3129	243	1
7_Myog_60hr_MT_peak_10933_lociStitched	chr13	51880081	51902643	7	2193	17413.3516	2508.8944	244	1
7_Myog_60hr_MT_peak_29153_lociStitched	chr4	139581024	139608212	7	1549	17112.1272	2221.2596	245	1
6_Myog_60hr_MT_peak_21386_lociStitched	chr19	46517722	46531311	6	2199	16263.3152	1464.8942	246	1
8_Myog_60hr_MT_peak_21490_lociStitched	chr19	47885359	47903772	8	2347	16744.7822	1951.778	247	1
5_Myog_60hr_MT_peak_14068_lociStitched	chr15	62106710	62140145	5	803	19134.8505	4349.8935	248	1
3_Myog_60hr_MT_peak_25036_lociStitched	chr3	9500784	9523788	3	571	17032.1616	2355.6096	249	1
3_Myog_60hr_MT_peak_30089_lociStitched	chr5	31602388	31610671	3	996	15647.4153	994.7883	250	1
13_Myog_60hr_MT_peak_22511_lociStitched	chr2	32894152	32947823	13	2412	20024.6501	5393.9355	251	1
6_Myog_60hr_MT_peak_322_lociStitched	chr1	39746441	39768250	6	1105	16921.6031	2296.4877	252	1
11_Myog_60hr_MT_peak_6885_lociStitched	chr11	88484266	88528855	11	2189	19244.6124	4632.7971	253	1
9_Myog_60hr_MT_peak_41828_lociStitched	chr9	121293143	121317415	9	2208	16653.0192	2065.5472	254	1
15_Myog_60hr_MT_peak_15058_lociStitched	chr15	86144596	86204159	15	3779	22115.7419	7528.7632	255	1
5_Myog_60hr_MT_peak_9281_lociStitched	chr12	80366269	80380583	5	1243	16200.5852	1638.953	256	1
7_Myog_60hr_MT_peak_22128_lociStitched	chr2	27767719	27786244	7	1407	16396.4775	1839.5325	257	1
4_Myog_60hr_MT_peak_13292_lociStitched	chr15	3707432	3725472	4	677	17331.028	2774.552	258	1
5_Myog_60hr_MT_peak_35957_lociStitched	chr7	90302268	90320424	5	1004	16022.67	1494.2388	259	1
10_Myog_60hr_MT_peak_39611_lociStitched	chr8	124249772	124286938	10	2441	17661.2832	3162.8266	260	1
9_Myog_60hr_MT_peak_3579_lociStitched	chr10	60791095	60822338	9	2013	17952.2278	3496.0917	261	1
6_Myog_60hr_MT_peak_28127_lociStitched	chr4	109430907	109445526	6	1402	16048.7382	1640.2518	262	1
11_Myog_60hr_MT_peak_34434_lociStitched	chr7	16002252	16052950	11	2750	18322.2572	3959.5138	263	1
19_Myog_60hr_MT_peak_33314_lociStitched	chr6	90686079	90737698	19	4777	19790.7246	5476.7759	264	1
11_Myog_60hr_MT_peak_38925_lociStitched	chr8	110695406	110732100	11	4087	17235.1718	2942.8588	265	1
11_Myog_60hr_MT_peak_40503_lociStitched	chr9	57598115	57637993	11	2944	17805.527	3517.2396	266	1
16_Myog_60hr_MT_peak_27376_lociStitched	chr4	46042579	46117034	16	4029	21212.2295	6976.4335	267	1
2_Myog_60hr_MT_peak_18981_lociStitched	chr17	84573325	84585506	2	639	15491.7958	1349.6548	268	1
4_Myog_60hr_MT_peak_29277_lociStitched	chr4	141559500	141575480	4	1068	15722.722	1613.98	269	1
5_Myog_60hr_MT_peak_21279_lociStitched	chr19	44266905	44284924	5	1207	15937.8055	1929.8349	270	1
9_Myog_60hr_MT_peak_32808_lociStitched	chr6	54749207	54788862	9	1690	17567.165	3561.019	271	1
6_Myog_60hr_MT_peak_25809_lociStitched	chr3	88138344	88150828	6	3189	15311.626	1333.2912	272	1
12_Myog_60hr_MT_peak_8204_lociStitched	chr11	118322023	118350204	12	2976	17119.9575	3153.4539	273	1
16_Myog_60hr_MT_peak_34055_lociStitched	chr6	128232061	128297384	16	5732	20184.807	6238.3465	274	1
11_Myog_60hr_MT_peak_33380_lociStitched	chr6	91643474	91675083	11	3151	17065.6991	3138.7737	275	1
16_Myog_60hr_MT_peak_1697_lociStitched	chr1	134265944	134307783	16	6000	17718.8165	3811.5329	276	1
8_Myog_60hr_MT_peak_2414_lociStitched	chr1	179031075	179054600	8	1568	16481.615	2585.3975	277	1
8_Myog_60hr_MT_peak_30240_lociStitched	chr5	35671637	35689630	8	1970	15869.826	2035.0083	278	1
6_Myog_60hr_MT_peak_21741_lociStitched	chr2	4414025	4455647	6	1525	18363.6264	4532.6358	279	1
8_Myog_60hr_MT_peak_5270_lociStitched	chr11	11820842	11857257	8	2926	17766.8785	3954.669	280	1
3_Myog_60hr_MT_peak_25448_lociStitched	chr3	54474428	54487749	3	580	15203.2573	1406.6976	281	1
4_Myog_60hr_MT_peak_28517_lociStitched	chr4	126259172	126272787	4	1654	15240.631	1447.2745	282	1
5_Myog_60hr_MT_peak_40837_lociStitched	chr9	66265855	66281936	5	1681	15350.9226	1579.1542	283	1
10_Myog_60hr_MT_peak_39590_lociStitched	chr8	123868962	123892135	10	2343	15875.8223	2111.0603	284	1
9_Myog_60hr_MT_peak_26137_lociStitched	chr3	98024296	98046577	9	1935	16369.8507	2606.877	285	1
4_Myog_60hr_MT_peak_30334_lociStitched	chr5	36713151	36724578	4	790	15211.6224	1456.9425	286	1
4_Myog_60hr_MT_peak_25981_lociStitched	chr3	95054501	95066793	4	775	15137.598	1386.5376	287	1
5_Myog_60hr_MT_peak_24846_lociStitched	chr2	173413947	173435377	5	1043	15903.203	2175.145	288	1
5_Myog_60hr_MT_peak_15205_lociStitched	chr15	95797413	95805198	5	1181	14927.7375	1206.675	289	1
14_Myog_60hr_MT_peak_7125_lociStitched	chr11	97397587	97442138	14	4403	18386.1977	4749.1366	290	1
13_Myog_60hr_MT_peak_716_lociStitched	chr1	73915100	73966848	13	3858	19157.1096	5573.2596	291	1
7_Myog_60hr_MT_peak_25852_lociStitched	chr3	88624361	88643334	7	2140	15614.779	2079.4408	292	1
5_Myog_60hr_MT_peak_365_lociStitched	chr1	43124830	43141950	5	1640	15421.696	1903.744	293	1
5_Myog_60hr_MT_peak_6896_lociStitched	chr11	88551000	88559956	5	1861	14663.6588	1175.9228	294	1
5_Myog_60hr_MT_peak_5757_lociStitched	chr11	53794635	53803439	5	1306	14329.3904	868.0744	295	1
9_Myog_60hr_MT_peak_41834_lociStitched	chr9	121332168	121358757	9	2536	15482.7747	2047.353	296	1
13_Myog_60hr_MT_peak_5040_lociStitched	chr11	3508323	3548865	13	4322	18061.461	4646.1132	297	1
9_Myog_60hr_MT_peak_33658_lociStitched	chr6	113481016	113523690	9	2257	17376.8528	3981.4842	298	1
9_Myog_60hr_MT_peak_2355_lociStitched	chr1	176993808	177016973	9	2291	15779.998	2430.0085	299	1
4_Myog_60hr_MT_peak_7941_lociStitched	chr11	115945287	115963304	4	1080	15258.5973	1917.0088	300	1
8_Myog_60hr_MT_peak_7537_lociStitched	chr11	103049747	103067958	8	2269	15482.9922	2156.1824	301	1
4_Myog_60hr_MT_peak_25639_lociStitched	chr3	68676870	68693957	4	971	15154.4603	1882.9874	302	1
7_Myog_60hr_MT_peak_22235_lociStitched	chr2	29700717	29717119	7	2028	14878.2542	1622.1578	303	1
4_Myog_60hr_MT_peak_41621_lociStitched	chr9	114016100	114022538	4	1140	13819.8108	565.2564	304	1
6_Myog_60hr_MT_peak_33415_lociStitched	chr6	94636882	94660437	6	1478	15619.3205	2364.922	305	1
5_Myog_60hr_MT_peak_41774_lociStitched	chr9	120001989	120027795	5	1888	15421.6656	2175.4458	306	1
11_Myog_60hr_MT_peak_20620_lociStitched	chr19	6287115	6331529	11	3139	17552.4128	4317.0408	307	1
4_Myog_60hr_MT_peak_16497_lociStitched	chr16	43575772	43592358	4	853	14957.2548	1729.9198	308	1
4_Myog_60hr_MT_peak_13477_lociStitched	chr15	25914991	25928262	4	1127	15237.7622	2027.8088	309	1
12_Myog_60hr_MT_peak_33936_lociStitched	chr6	125148215	125161804	12	4797	14672.0433	1464.8942	310	1
5_Myog_60hr_MT_peak_21986_lociStitched	chr2	25533638	25550044	5	1068	15098.4418	1901.4554	311	1
21_Myog_60hr_MT_peak_29638_lociStitched	chr4	152054519	152100903	21	6732	17268.7632	4128.176	312	1
5_Myog_60hr_MT_peak_39668_lociStitched	chr8	125271334	125293597	5	1690	15038.6565	1899.0339	313	1
6_Myog_60hr_MT_peak_27632_lociStitched	chr4	62727806	62744925	6	1051	14908.9371	1816.3259	314	1
4_Myog_60hr_MT_peak_32966_lociStitched	chr6	72365026	72383530	4	1188	14755.0896	1693.116	315	1
3_Myog_60hr_MT_peak_33138_lociStitched	chr6	86463104	86480329	3	772	14653.3075	1622.595	316	1
4_Myog_60hr_MT_peak_37464_lociStitched	chr8	13614909	13625796	4	761	14190.1158	1159.4655	317	1
5_Myog_60hr_MT_peak_17502_lociStitched	chr17	24544829	24567374	5	2120	15357.654	2333.4075	318	1
18_Myog_60hr_MT_peak_32950_lociStitched	chr6	72200640	72280681	18	5490	20466.4837	7459.8212	319	1
10_Myog_60hr_MT_peak_36301_lociStitched	chr7	110784644	110811252	10	2259	15350.1552	2344.1648	320	1
7_Myog_60hr_MT_peak_19423_lociStitched	chr18	32380778	32398848	7	1555	16091.335	3086.356	321	1
11_Myog_60hr_MT_peak_3969_lociStitched	chr10	78287593	78321441	11	2895	16886.7672	3926.368	322	1
6_Myog_60hr_MT_peak_10969_lociStitched	chr13	52106130	52139541	6	1206	16431.5298	3508.155	323	1
5_Myog_60hr_MT_peak_5574_lociStitched	chr11	46116641	46127958	5	1478	14111.1673	1192.8118	324	1
6_Myog_60hr_MT_peak_33766_lociStitched	chr6	116405224	116418794	6	1191	14366.559	1461.489	325	1
3_Myog_60hr_MT_peak_447_lociStitched	chr1	53845978	53857061	3	777	14167.3989	1280.0865	326	1
5_Myog_60hr_MT_peak_33367_lociStitched	chr6	91617710	91622730	5	2120	13415.448	552.702	327	1
11_Myog_60hr_MT_peak_15521_lociStitched	chr15	101228132	101260829	11	3158	17061.2946	4208.1039	328	1
10_Myog_60hr_MT_peak_3813_lociStitched	chr10	75091759	75144369	10	2662	19186.867	6339.505	329	1
5_Myog_60hr_MT_peak_32031_lociStitched	chr5	142820338	142823745	5	1491	13191.2226	344.7884	330	1
8_Myog_60hr_MT_peak_40651_lociStitched	chr9	61632690	61671313	8	2682	16194.6239	3364.0633	331	1
2_Myog_60hr_MT_peak_11518_lociStitched	chr13	95545612	95554192	2	665	13672.23	881.166	332	1
8_Myog_60hr_MT_peak_15607_lociStitched	chr15	103155754	103186123	8	1853	16763.688	4002.6342	333	1
4_Myog_60hr_MT_peak_4595_lociStitched	chr10	95465501	95472398	4	848	13580.8827	833.8473	334	1
12_Myog_60hr_MT_peak_22175_lociStitched	chr2	28519004	28540427	12	3459	15251.0337	2523.6294	335	1
7_Myog_60hr_MT_peak_31411_lociStitched	chr5	121807309	121851776	7	1678	17306.5564	4580.101	336	1
6_Myog_60hr_MT_peak_22603_lociStitched	chr2	35259315	35278019	6	1145	14656.4544	1950.8272	337	1
7_Myog_60hr_MT_peak_28478_lociStitched	chr4	125114719	125131751	7	1652	14776.9632	2072.7944	338	1
9_Myog_60hr_MT_peak_104_lociStitched	chr1	20654343	20671237	9	2726	14341.3166	1667.4378	339	1
9_Myog_60hr_MT_peak_37449_lociStitched	chr8	13204552	13226949	9	2570	14739.4657	2078.4416	340	1
8_Myog_60hr_MT_peak_6665_lociStitched	chr11	79778036	79807364	8	1455	15755.0016	3099.9696	341	1
6_Myog_60hr_MT_peak_5425_lociStitched	chr11	30149037	30166795	6	1231	14572.2148	1972.9138	342	1
5_Myog_60hr_MT_peak_37993_lociStitched	chr8	69935785	69939994	5	1067	12995.7084	398.1714	343	1
3_Myog_60hr_MT_peak_27555_lociStitched	chr4	58269013	58289047	3	638	14674.905	2083.536	344	1
10_Myog_60hr_MT_peak_28046_lociStitched	chr4	106907725	106966758	10	3468	18335.6498	5767.5241	345	1
5_Myog_60hr_MT_peak_26714_lociStitched	chr3	138049507	138070231	5	1865	14960.6556	2393.622	346	1
4_Myog_60hr_MT_peak_3780_lociStitched	chr10	70419393	70428751	4	617	13695.433	1174.429	347	1
5_Myog_60hr_MT_peak_18742_lociStitched	chr17	70993639	70998865	5	757	13232.232	722.7558	348	1
8_Myog_60hr_MT_peak_27789_lociStitched	chr4	83957206	84001980	8	1806	16946.959	4441.5808	349	1
4_Myog_60hr_MT_peak_17993_lociStitched	chr17	32012356	32023402	4	1316	13750.0608	1285.7544	350	1
7_Myog_60hr_MT_peak_5248_lociStitched	chr11	8678261	8704167	7	1353	15623.9086	3163.1226	351	1
7_Myog_60hr_MT_peak_8134_lociStitched	chr11	117912810	117936692	7	2271	14692.2064	2297.4484	352	1
11_Myog_60hr_MT_peak_23930_lociStitched	chr2	132006618	132055791	11	2433	17338.3998	4991.0595	353	1
5_Myog_60hr_MT_peak_28560_lociStitched	chr4	128997395	129020798	5	1178	14697.084	2354.3418	354	1
6_Myog_60hr_MT_peak_4519_lociStitched	chr10	93271149	93287892	6	1678	14437.4889	2107.9437	355	1
11_Myog_60hr_MT_peak_1830_lociStitched	chr1	135813781	135865173	11	3641	17262.5728	5005.5808	356	1
5_Myog_60hr_MT_peak_21753_lociStitched	chr2	4557087	4575543	5	1552	14192.664	1937.88	357	1
12_Myog_60hr_MT_peak_15672_lociStitched	chr16	4497986	4551373	12	3600	17665.7583	5434.7966	358	1
9_Myog_60hr_MT_peak_2088_lociStitched	chr1	156990227	157008600	9	2207	14213.3528	2010.0062	359	1
5_Myog_60hr_MT_peak_2375_lociStitched	chr1	177623264	177646579	5	2540	14655.809	2464.3955	360	1
8_Myog_60hr_MT_peak_29959_lociStitched	chr5	24383528	24409786	8	2142	14988.0664	2801.7286	361	1
3_Myog_60hr_MT_peak_22761_lociStitched	chr2	49730369	49749256	3	719	14356.0087	2192.7807	362	1
8_Myog_60hr_MT_peak_34396_lociStitched	chr7	6747762	6778016	8	1618	14337.3706	2178.288	363	1
10_Myog_60hr_MT_peak_14010_lociStitched	chr15	59047928	59073058	10	2573	15603.217	3518.2	364	1
8_Myog_60hr_MT_peak_39633_lociStitched	chr8	124630527	124652744	8	1860	13898.9552	1817.3506	365	1
5_Myog_60hr_MT_peak_23672_lociStitched	chr2	120144488	120149973	5	1023	12646.7645	590.186	366	1
4_Myog_60hr_MT_peak_2846_lociStitched	chr1	193330309	193347191	4	810	13738.5716	1689.8882	367	1
9_Myog_60hr_MT_peak_13517_lociStitched	chr15	27570501	27595927	9	2297	15769.2052	3722.3664	368	1
3_Myog_60hr_MT_peak_22291_lociStitched	chr2	30429163	30445649	3	846	13919.1298	1914.0246	369	1
10_Myog_60hr_MT_peak_29495_lociStitched	chr4	149820568	149856697	10	2213	15116.3736	3114.3198	370	1
8_Myog_60hr_MT_peak_14708_lociStitched	chr15	80052107	80075604	8	1931	14988.7363	2991.1681	371	1
5_Myog_60hr_MT_peak_9995_lociStitched	chr12	111745381	111763196	5	2978	13781.684	1795.752	372	1
6_Myog_60hr_MT_peak_40343_lociStitched	chr9	49905820	49928335	6	1527	14022.342	2109.6555	373	1
12_Myog_60hr_MT_peak_7562_lociStitched	chr11	103227428	103249982	12	2772	14163.912	2268.9324	374	1
11_Myog_60hr_MT_peak_7523_lociStitched	chr11	102984622	103003586	11	2956	13877.8552	1991.22	375	1
4_Myog_60hr_MT_peak_18197_lociStitched	chr17	44500409	44508977	4	1097	12828.8664	968.184	376	1
3_Myog_60hr_MT_peak_37592_lociStitched	chr8	24970125	24982023	3	446	13305.5334	1461.0744	377	1
10_Myog_60hr_MT_peak_17866_lociStitched	chr17	29409711	29440336	10	2647	15003.1875	3224.8125	378	1
3_Myog_60hr_MT_peak_26447_lociStitched	chr3	121370506	121380017	3	656	12967.2974	1222.1635	379	1
7_Myog_60hr_MT_peak_31609_lociStitched	chr5	125226239	125254500	7	2139	14466.8059	2752.6214	380	1
2_Myog_60hr_MT_peak_352_lociStitched	chr1	40833591	40840942	2	630	12641.5147	929.9015	381	1
31_Myog_60hr_MT_peak_39160_lociStitched	chr8	120243986	120323510	31	7926	17837.2332	6131.3004	382	1
10_Myog_60hr_MT_peak_6235_lociStitched	chr11	69356653	69384171	10	3402	14609.3062	2905.9008	383	1
3_Myog_60hr_MT_peak_9062_lociStitched	chr12	71883431	71888572	3	764	12314.7514	635.4276	384	1
2_Myog_60hr_MT_peak_889_lociStitched	chr1	81744516	81755969	2	285	13051.8388	1384.6677	385	1
9_Myog_60hr_MT_peak_23731_lociStitched	chr2	122348598	122379655	9	1693	14783.132	3133.6513	386	1
6_Myog_60hr_MT_peak_35606_lociStitched	chr7	73352250	73372673	6	1973	13264.7385	1615.4593	387	1
4_Myog_60hr_MT_peak_14101_lociStitched	chr15	64224162	64243001	4	673	14394.8799	2754.2618	388	1
14_Myog_60hr_MT_peak_14701_lociStitched	chr15	79984054	80028264	14	4162	16693.696	5110.676	389	1
21_Myog_60hr_MT_peak_4247_lociStitched	chr10	81406535	81434087	21	5847	15057.168	3482.5728	390	1
6_Myog_60hr_MT_peak_23817_lociStitched	chr2	128295072	128324857	6	1224	14761.446	3198.909	391	1
3_Myog_60hr_MT_peak_6547_lociStitched	chr11	77615177	77624656	3	972	12631.7154	1073.9707	392	1
3_Myog_60hr_MT_peak_9416_lociStitched	chr12	84784714	84801863	3	637	13400.2286	1862.3814	393	1
3_Myog_60hr_MT_peak_24458_lociStitched	chr2	163587569	163608300	3	1744	13636.8518	2110.4158	394	1
4_Myog_60hr_MT_peak_21658_lociStitched	chr19	57189427	57204677	4	2466	13040.275	1555.5	395	1
2_Myog_60hr_MT_peak_25665_lociStitched	chr3	79238078	79250201	2	367	12829.7709	1374.7482	396	1
3_Myog_60hr_MT_peak_21428_lociStitched	chr19	47219799	47233465	3	1957	12941.702	1486.8608	397	1
4_Myog_60hr_MT_peak_18956_lociStitched	chr17	84099909	84126355	4	1062	14156.5438	2702.7812	398	1
5_Myog_60hr_MT_peak_35648_lociStitched	chr7	74442708	74458689	5	1253	12728.8665	1280.0781	399	1
4_Myog_60hr_MT_peak_14775_lociStitched	chr15	81213063	81227210	4	657	13148.2218	1703.2988	400	1
4_Myog_60hr_MT_peak_23122_lociStitched	chr2	77177632	77200698	4	816	14132.5382	2689.4956	401	1
6_Myog_60hr_MT_peak_38831_lociStitched	chr8	106614880	106641217	6	1246	13687.3389	2259.7146	402	1
4_Myog_60hr_MT_peak_27803_lociStitched	chr4	84199173	84203972	4	1226	11914.4773	521.1714	403	1
4_Myog_60hr_MT_peak_16518_lociStitched	chr16	45333829	45347443	4	994	12625.6236	1253.8494	404	1
5_Myog_60hr_MT_peak_36247_lociStitched	chr7	109707473	109716370	5	1358	12302.7716	931.5159	405	1
5_Myog_60hr_MT_peak_10015_lociStitched	chr12	111846124	111853419	5	1426	11965.9885	658.009	406	1
7_Myog_60hr_MT_peak_19900_lociStitched	chr18	61609784	61636727	7	1928	13759.7901	2511.0876	407	1
3_Myog_60hr_MT_peak_13967_lociStitched	chr15	58254260	58261296	3	591	12166.6512	928.752	408	1
5_Myog_60hr_MT_peak_5210_lociStitched	chr11	6480840	6494321	5	1740	12782.6842	1567.8403	409	1
4_Myog_60hr_MT_peak_21610_lociStitched	chr19	56367806	56380683	4	1076	12865.4107	1654.6945	410	1
3_Myog_60hr_MT_peak_15225_lociStitched	chr15	96284232	96297472	3	1424	13115.544	1918.476	411	1
4_Myog_60hr_MT_peak_20768_lociStitched	chr19	9953112	9966753	4	1263	12905.7501	1710.5814	412	1
6_Myog_60hr_MT_peak_30231_lociStitched	chr5	35598445	35625237	6	2748	13832.7096	2655.0872	413	1
5_Myog_60hr_MT_peak_13386_lociStitched	chr15	10917816	10940510	5	1368	14367.5714	3199.854	414	1
5_Myog_60hr_MT_peak_25720_lociStitched	chr3	84296769	84333696	5	1340	15114.2211	3965.9598	415	1
5_Myog_60hr_MT_peak_8565_lociStitched	chr12	8805054	8829540	5	1200	13633.8048	2539.1982	416	1
4_Myog_60hr_MT_peak_5546_lociStitched	chr11	43919495	43933830	4	936	12735.214	1652.8255	417	1
5_Myog_60hr_MT_peak_5322_lociStitched	chr11	19829214	19851602	5	1064	13327.5764	2270.1432	418	1
12_Myog_60hr_MT_peak_37277_lociStitched	chr7	145182594	145222617	12	3665	14156.1351	3101.7825	419	1
3_Myog_60hr_MT_peak_32591_lociStitched	chr6	42385697	42396623	3	673	12278.6388	1231.3602	420	1
6_Myog_60hr_MT_peak_12396_lociStitched	chr14	40948662	40963244	6	2207	12593.0152	1548.6084	421	1
4_Myog_60hr_MT_peak_30905_lociStitched	chr5	103766539	103790180	4	838	13631.4006	2626.5151	422	1
3_Myog_60hr_MT_peak_7013_lociStitched	chr11	94915740	94929201	3	964	12288.5469	1336.6773	423	1
6_Myog_60hr_MT_peak_18115_lociStitched	chr17	35691965	35731773	6	4191	14832.4608	3901.184	424	1
4_Myog_60hr_MT_peak_26786_lociStitched	chr3	144639110	144643953	4	1098	11591.2362	663.9753	425	1
9_Myog_60hr_MT_peak_5436_lociStitched	chr11	30235322	30268557	9	2446	14736.399	3825.3485	426	1
11_Myog_60hr_MT_peak_13576_lociStitched	chr15	31232709	31276719	11	2522	17053.875	6143.796	427	1
5_Myog_60hr_MT_peak_26011_lociStitched	chr3	95695457	95702352	5	1030	11733.2215	830.8475	428	1
17_Myog_60hr_MT_peak_29178_lociStitched	chr4	140601054	140637133	17	3950	13677.5489	2778.083	429	1
6_Myog_60hr_MT_peak_31395_lociStitched	chr5	121609736	121634999	6	1426	13543.4943	2647.5624	430	1
3_Myog_60hr_MT_peak_14514_lociStitched	chr15	77905401	77917298	3	724	12535.8689	1653.683	431	1
5_Myog_60hr_MT_peak_33022_lociStitched	chr6	82747164	82768420	5	1022	13010.7976	2129.8512	432	1
2_Myog_60hr_MT_peak_35594_lociStitched	chr7	72538391	72544193	2	307	11421.237	562.794	433	1
5_Myog_60hr_MT_peak_14685_lociStitched	chr15	79929050	79952272	5	1312	13826.3788	2993.3158	434	1
4_Myog_60hr_MT_peak_13013_lociStitched	chr14	75855210	75871432	4	813	12661.271	1831.4638	435	1
5_Myog_60hr_MT_peak_17570_lociStitched	chr17	25749653	25761999	5	1812	12180.5636	1355.5908	436	1
7_Myog_60hr_MT_peak_1771_lociStitched	chr1	135466435	135491300	7	1313	13494.2355	2670.501	437	1
7_Myog_60hr_MT_peak_16058_lociStitched	chr16	21293021	21333502	7	2054	13961.8969	3173.7104	438	1
3_Myog_60hr_MT_peak_11747_lociStitched	chr13	104499714	104510910	3	721	11843.1288	1058.022	439	1
6_Myog_60hr_MT_peak_9266_lociStitched	chr12	80216625	80231538	6	1050	12467.268	1726.9254	440	1
10_Myog_60hr_MT_peak_3612_lociStitched	chr10	61327659	61376674	10	2664	16620.9865	5881.8	441	1
7_Myog_60hr_MT_peak_17372_lociStitched	chr17	15343145	15381013	7	3017	14492.0836	3771.6528	442	1
2_Myog_60hr_MT_peak_36240_lociStitched	chr7	109576406	109588385	2	327	11749.0032	1030.194	443	1
5_Myog_60hr_MT_peak_10233_lociStitched	chr13	9310902	9350974	5	1310	14934.8344	4223.5888	444	1
9_Myog_60hr_MT_peak_14388_lociStitched	chr15	76446664	76465381	9	5002	12946.5489	2264.757	445	1
3_Myog_60hr_MT_peak_18240_lociStitched	chr17	45611203	45627002	3	1198	12615.5015	1948.0167	446	1
8_Myog_60hr_MT_peak_37500_lociStitched	chr8	14986732	15003933	8	2295	12346.8778	1706.3392	447	1
6_Myog_60hr_MT_peak_32929_lociStitched	chr6	72106353	72120180	6	1330	12043.317	1410.354	448	1
3_Myog_60hr_MT_peak_22665_lociStitched	chr2	36222596	36244328	3	712	12995.736	2397.0396	449	1
5_Myog_60hr_MT_peak_6746_lociStitched	chr11	84057536	84077325	5	1377	12657.0444	2085.7606	450	1
8_Myog_60hr_MT_peak_18257_lociStitched	chr17	45848234	45873815	8	2177	12677.9436	2148.804	451	1
4_Myog_60hr_MT_peak_34890_lociStitched	chr7	30008043	30010874	4	1797	10848.9582	325.2819	452	1
4_Myog_60hr_MT_peak_4019_lociStitched	chr10	79841405	79858652	4	1027	12802.4481	2285.2275	453	1
3_Myog_60hr_MT_peak_18947_lociStitched	chr17	83978965	83990680	3	1017	11767.7175	1253.505	454	1
4_Myog_60hr_MT_peak_32514_lociStitched	chr6	34866745	34895876	4	1259	13269.1705	2755.7926	455	1
7_Myog_60hr_MT_peak_17391_lociStitched	chr17	15807337	15841690	7	2015	14239.3185	3751.3476	456	1
3_Myog_60hr_MT_peak_14781_lociStitched	chr15	81295025	81301462	3	505	11370.3168	890.8808	457	1
3_Myog_60hr_MT_peak_16686_lociStitched	chr16	86209473	86223331	3	496	12117.4352	1649.102	458	1
3_Myog_60hr_MT_peak_34174_lociStitched	chr6	140535522	140551169	3	1165	12024.7195	1574.0882	459	1
8_Myog_60hr_MT_peak_12896_lociStitched	chr14	69808786	69831397	8	2014	12549.105	2118.6507	460	1
3_Myog_60hr_MT_peak_26823_lociStitched	chr3	146307388	146315762	3	684	11334.209	910.2538	461	1
3_Myog_60hr_MT_peak_33573_lociStitched	chr6	107459252	107474439	3	686	11709.177	1290.895	462	1
2_Myog_60hr_MT_peak_15559_lociStitched	chr15	102100203	102105721	2	1655	11308.5892	931.9902	463	1
11_Myog_60hr_MT_peak_39101_lociStitched	chr8	119420458	119440376	11	2112	11962.7508	1611.3662	464	1
6_Myog_60hr_MT_peak_24377_lociStitched	chr2	160603118	160621571	6	2217	12450.2391	2105.4873	465	1
5_Myog_60hr_MT_peak_11241_lociStitched	chr13	63273031	63288066	5	970	11957.3355	1613.2555	466	1
4_Myog_60hr_MT_peak_11562_lociStitched	chr13	97927939	97948139	4	697	12382.6	2052.32	467	1
6_Myog_60hr_MT_peak_36495_lociStitched	chr7	118914951	118931859	6	1287	11603.9604	1281.6264	468	1
3_Myog_60hr_MT_peak_17038_lociStitched	chr17	5959804	5978768	3	644	12279.19	1996.9092	469	1
4_Myog_60hr_MT_peak_30477_lociStitched	chr5	53509583	53525979	4	1202	11918.2524	1652.7168	470	1
9_Myog_60hr_MT_peak_28433_lociStitched	chr4	123613596	123625944	9	2676	11556.4932	1307.6532	471	1
5_Myog_60hr_MT_peak_3694_lociStitched	chr10	66899887	66942262	5	993	15534.675	5296.875	472	1
4_Myog_60hr_MT_peak_2229_lociStitched	chr1	167269923	167290215	4	1473	12426.8208	2193.5652	473	1
6_Myog_60hr_MT_peak_27347_lociStitched	chr4	45506729	45525037	6	1393	12030.1868	1806.9996	474	1
5_Myog_60hr_MT_peak_5573_lociStitched	chr11	46062215	46073314	5	1234	11486.3551	1273.0553	475	1
3_Myog_60hr_MT_peak_27038_lociStitched	chr4	15209317	15214919	3	671	10891.9686	680.0828	476	1
5_Myog_60hr_MT_peak_1643_lociStitched	chr1	133765430	133801147	5	1032	13911.7715	3703.8529	477	1
9_Myog_60hr_MT_peak_14905_lociStitched	chr15	83571631	83607340	9	2550	14822.8059	4617.1737	478	1
2_Myog_60hr_MT_peak_35926_lociStitched	chr7	89559220	89563771	2	312	10670.7297	469.6632	479	1
3_Myog_60hr_MT_peak_21289_lociStitched	chr19	44377725	44388876	3	779	11448.7317	1266.7536	480	1
3_Myog_60hr_MT_peak_13348_lociStitched	chr15	7921237	7934432	3	701	11959.948	1780.0055	481	1
4_Myog_60hr_MT_peak_37468_lociStitched	chr8	13665621	13673565	4	856	10973.8416	802.344	482	1
2_Myog_60hr_MT_peak_40121_lociStitched	chr9	35421152	35427941	2	674	10949.9781	811.9644	483	1
3_Myog_60hr_MT_peak_11209_lociStitched	chr13	60347879	60365289	3	771	11985.044	1850.683	484	1
4_Myog_60hr_MT_peak_7084_lociStitched	chr11	96400053	96414281	4	1001	11873.266	1741.5072	485	1
5_Myog_60hr_MT_peak_26845_lociStitched	chr3	148622199	148645206	5	1081	12571.0248	2454.8469	486	1
5_Myog_60hr_MT_peak_31896_lociStitched	chr5	139196960	139225520	5	3023	13337.52	3224.424	487	1
11_Myog_60hr_MT_peak_14861_lociStitched	chr15	83154397	83169885	11	2838	12099.2256	1997.952	488	1
7_Myog_60hr_MT_peak_9390_lociStitched	chr12	84174157	84198470	7	3126	12749.7372	2667.1361	489	1
4_Myog_60hr_MT_peak_14636_lociStitched	chr15	79323676	79335503	4	1480	11545.5174	1493.7501	490	1
1_Myog_60hr_MT_peak_37538_lociStitched	chr8	19784559	19785239	1	681	10721.9	676.056	491	1
5_Myog_60hr_MT_peak_7507_lociStitched	chr11	102615689	102644155	5	2283	12855.2456	2826.6738	492	1
2_Myog_60hr_MT_peak_28189_lociStitched	chr4	117120483	117130858	2	466	11072.2	1045.8	493	1
10_Myog_60hr_MT_peak_38697_lociStitched	chr8	95374546	95422465	10	3224	16072.0326	6076.1292	494	1
7_Myog_60hr_MT_peak_33624_lociStitched	chr6	112848816	112879557	7	2541	13089.5178	3098.6928	495	1
5_Myog_60hr_MT_peak_17176_lociStitched	chr17	9747994	9759765	5	1464	11137.7202	1160.6206	496	1
6_Myog_60hr_MT_peak_12337_lociStitched	chr14	33246974	33265089	6	1139	11791.0535	1818.746	497	1
3_Myog_60hr_MT_peak_861_lociStitched	chr1	78532243	78538741	3	1454	10769.7852	797.9544	498	1
7_Myog_60hr_MT_peak_10145_lociStitched	chr12	113124492	113148895	7	3472	12091.6865	2140.1431	499	1
7_Myog_60hr_MT_peak_23003_lociStitched	chr2	71644103	71667990	7	1517	12483.3462	2532.022	500	1
4_Myog_60hr_MT_peak_3251_lociStitched	chr10	39308239	39322396	4	989	11754.5571	1822.0059	501	1
4_Myog_60hr_MT_peak_10964_lociStitched	chr13	52065353	52080305	4	1187	11263.3416	1403.9928	502	1
3_Myog_60hr_MT_peak_21796_lociStitched	chr2	6872215	6877461	3	1298	10539.214	679.8816	503	1
4_Myog_60hr_MT_peak_22654_lociStitched	chr2	35898731	35911027	4	1115	11339.3712	1485.3568	504	1
5_Myog_60hr_MT_peak_13627_lociStitched	chr15	34043882	34057815	5	1017	11890.4222	2057.9041	505	1
7_Myog_60hr_MT_peak_35517_lociStitched	chr7	67459513	67500703	7	2762	12740.067	2912.133	506	1
3_Myog_60hr_MT_peak_23031_lociStitched	chr2	72308958	72321057	3	911	10972.5831	1149.405	507	1
3_Myog_60hr_MT_peak_29318_lociStitched	chr4	143279840	143295078	3	762	11236.5012	1417.134	508	1
2_Myog_60hr_MT_peak_8827_lociStitched	chr12	33175938	33182256	2	445	10580.1228	779.6412	509	1
2_Myog_60hr_MT_peak_7802_lociStitched	chr11	112974951	112982316	2	545	10658.628	883.0635	510	1
3_Myog_60hr_MT_peak_37673_lociStitched	chr8	27055320	27066388	3	446	10821.1836	1054.7804	511	1
2_Myog_60hr_MT_peak_26146_lociStitched	chr3	98374220	98378523	2	224	10263.5156	499.148	512	1
3_Myog_60hr_MT_peak_25682_lociStitched	chr3	81910598	81918418	3	450	10755.628	997.832	513	1
6_Myog_60hr_MT_peak_7581_lociStitched	chr11	103375328	103409271	6	1342	13550.0456	3811.7989	514	1
6_Myog_60hr_MT_peak_18302_lociStitched	chr17	46266153	46277914	6	1766	10795.4219	1065.5466	515	1
3_Myog_60hr_MT_peak_17053_lociStitched	chr17	6172924	6179823	3	653	10587.2054	863.0649	516	1
5_Myog_60hr_MT_peak_5497_lociStitched	chr11	32374672	32398771	5	936	12435.084	2740.0563	517	1
11_Myog_60hr_MT_peak_28200_lociStitched	chr4	117304291	117343007	11	2413	13151.8252	3457.3388	518	1
8_Myog_60hr_MT_peak_14028_lociStitched	chr15	59091002	59109536	8	2017	12087.8748	2405.7132	519	1
5_Myog_60hr_MT_peak_8313_lociStitched	chr11	119856036	119891681	5	831	13092.4085	3414.791	520	1
4_Myog_60hr_MT_peak_30796_lociStitched	chr5	96036235	96042829	4	1145	10314.3348	645.5526	521	1
10_Myog_60hr_MT_peak_2106_lociStitched	chr1	157062474	157101823	10	2344	13433.7486	3773.5691	522	1
3_Myog_60hr_MT_peak_18452_lociStitched	chr17	53587173	53596768	3	616	10651.4095	1009.394	523	1
3_Myog_60hr_MT_peak_19690_lociStitched	chr18	47166280	47170401	3	931	10115.4066	474.3271	524	1
4_Myog_60hr_MT_peak_18627_lociStitched	chr17	65648847	65666761	4	801	11597.5236	1968.7486	525	1
2_Myog_60hr_MT_peak_14466_lociStitched	chr15	77156583	77163843	2	1016	10700.514	1092.63	526	1
6_Myog_60hr_MT_peak_20582_lociStitched	chr19	5928171	5945512	6	2205	11550.8401	1995.9491	527	1
7_Myog_60hr_MT_peak_36280_lociStitched	chr7	110619067	110654652	7	1544	12664.7015	3113.6875	528	1
3_Myog_60hr_MT_peak_23870_lociStitched	chr2	130488604	130497224	3	938	10556.052	1018.884	529	1
5_Myog_60hr_MT_peak_1544_lociStitched	chr1	131419418	131436893	5	886	11619.1275	2083.02	530	1
4_Myog_60hr_MT_peak_40139_lociStitched	chr9	37053097	37066473	4	756	10829.2096	1312.1856	531	1
5_Myog_60hr_MT_peak_18278_lociStitched	chr17	45994628	46036814	5	2551	13322.3388	3809.3958	532	1
6_Myog_60hr_MT_peak_15042_lociStitched	chr15	86065006	86090328	6	1298	12468.5528	2965.2062	533	1
3_Myog_60hr_MT_peak_2656_lociStitched	chr1	186444778	186457362	3	654	11037.4264	1550.3488	534	1
4_Myog_60hr_MT_peak_39341_lociStitched	chr8	122139900	122152879	4	775	10531.1606	1083.7465	535	1
5_Myog_60hr_MT_peak_21523_lociStitched	chr19	53408435	53414622	5	801	10081.7165	637.261	536	1
8_Myog_60hr_MT_peak_36294_lociStitched	chr7	110732291	110754295	8	1921	11435.4788	2011.1656	537	1
7_Myog_60hr_MT_peak_28754_lociStitched	chr4	133378244	133407805	7	2228	12202.7808	2790.5584	538	1
5_Myog_60hr_MT_peak_38940_lociStitched	chr8	110789160	110797419	5	1324	10081.7613	698.7114	539	1
10_Myog_60hr_MT_peak_22632_lociStitched	chr2	35651578	35682288	10	1941	12302.426	2948.16	540	1
10_Myog_60hr_MT_peak_33514_lociStitched	chr6	100157476	100191109	10	3195	12632.5548	3296.034	541	1
10_Myog_60hr_MT_peak_8927_lociStitched	chr12	54252137	54293598	10	2981	13192.8902	3876.6035	542	1
5_Myog_60hr_MT_peak_7627_lociStitched	chr11	104561096	104578329	5	1507	11223.8529	1933.5426	543	1
5_Myog_60hr_MT_peak_5944_lociStitched	chr11	59628307	59641086	5	1831	10669.1871	1391.6331	544	1
3_Myog_60hr_MT_peak_11305_lociStitched	chr13	70724732	70731693	3	698	10060.0372	785.8969	545	1
4_Myog_60hr_MT_peak_28961_lociStitched	chr4	136165044	136178405	4	2935	10344.0862	1071.5522	546	1
7_Myog_60hr_MT_peak_14644_lociStitched	chr15	79357430	79392077	7	1973	13546.977	4278.9045	547	1
4_Myog_60hr_MT_peak_11277_lociStitched	chr13	64410646	64422878	4	858	10233.2912	971.2208	548	1
7_Myog_60hr_MT_peak_32939_lociStitched	chr6	72139890	72160139	7	2058	11333.3653	2101.8462	549	1
8_Myog_60hr_MT_peak_32015_lociStitched	chr5	142412746	142452611	8	1561	12812.611	3587.85	550	1
6_Myog_60hr_MT_peak_6584_lociStitched	chr11	78153395	78173159	6	2968	11253.6216	2055.456	551	1
13_Myog_60hr_MT_peak_10781_lociStitched	chr13	46507962	46544863	13	3096	12074.0072	2878.278	552	1
4_Myog_60hr_MT_peak_39807_lociStitched	chr8	128646568	128655079	4	779	10050.6399	860.4621	553	1
4_Myog_60hr_MT_peak_21179_lociStitched	chr19	40429095	40439212	4	950	10388.1356	1202.9113	554	1
11_Myog_60hr_MT_peak_31501_lociStitched	chr5	123975901	124007515	11	2705	12316.8144	3145.593	555	1
5_Myog_60hr_MT_peak_12116_lociStitched	chr14	25353905	25378365	5	998	11527.998	2357.944	556	1
5_Myog_60hr_MT_peak_16696_lociStitched	chr16	87567517	87579778	5	1268	10429.2066	1260.4308	557	1
3_Myog_60hr_MT_peak_26122_lociStitched	chr3	97925412	97942537	3	561	11225.4375	2066.9875	558	1
3_Myog_60hr_MT_peak_20403_lociStitched	chr19	3823893	3840619	3	1044	10870.2274	1721.1054	559	1
3_Myog_60hr_MT_peak_22862_lociStitched	chr2	59670475	59685667	3	739	10578.1896	1473.624	560	1
10_Myog_60hr_MT_peak_38914_lociStitched	chr8	110649305	110679394	10	2722	11611.3451	2515.4404	561	1
6_Myog_60hr_MT_peak_14673_lociStitched	chr15	79730309	79765668	6	2114	13302.0558	4207.721	562	1
5_Myog_60hr_MT_peak_23489_lociStitched	chr2	110179738	110193285	5	1061	10513.8267	1431.9179	563	1
2_Myog_60hr_MT_peak_27490_lociStitched	chr4	55730267	55738985	2	485	9948.1098	874.4154	564	1
6_Myog_60hr_MT_peak_2854_lociStitched	chr1	193381976	193407738	6	855	11899.4678	2846.701	565	1
4_Myog_60hr_MT_peak_28958_lociStitched	chr4	136135366	136148563	4	617	10376.8011	1348.7334	566	1
3_Myog_60hr_MT_peak_23965_lociStitched	chr2	135734101	135738765	3	751	9496.3704	471.5304	567	1
9_Myog_60hr_MT_peak_2761_lociStitched	chr1	191251459	191299849	9	2377	13907.286	4882.551	568	1
5_Myog_60hr_MT_peak_23670_lociStitched	chr2	120111215	120129824	5	922	11299.3848	2277.7416	569	1
2_Myog_60hr_MT_peak_32579_lociStitched	chr6	41026179	41033083	2	465	9898.2648	892.6872	570	1
4_Myog_60hr_MT_peak_2996_lociStitched	chr10	13983012	14000620	4	797	11320.1832	2315.452	571	1
3_Myog_60hr_MT_peak_12449_lociStitched	chr14	47352392	47367234	3	625	10554.1462	1573.252	572	1
6_Myog_60hr_MT_peak_19151_lociStitched	chr18	5380705	5397623	6	1534	10724.3202	1762.8556	573	1
3_Myog_60hr_MT_peak_12884_lociStitched	chr14	69438769	69447544	3	528	9420.84	466.83	574	1
5_Myog_60hr_MT_peak_39404_lociStitched	chr8	122537203	122556371	5	1772	10555.8176	1604.3616	575	1
7_Myog_60hr_MT_peak_23504_lociStitched	chr2	112423416	112445688	7	1591	11184.9984	2245.0176	576	1
3_Myog_60hr_MT_peak_11612_lociStitched	chr13	99225437	99239346	3	827	10316.3053	1383.9455	577	1
8_Myog_60hr_MT_peak_960_lociStitched	chr1	86487243	86522733	8	2491	12637.989	3712.254	578	1
4_Myog_60hr_MT_peak_39348_lociStitched	chr8	122180829	122187556	4	964	9405.0187	496.4526	579	1
2_Myog_60hr_MT_peak_25318_lociStitched	chr3	41288892	41296233	2	290	9666.6288	775.9437	580	1
3_Myog_60hr_MT_peak_12891_lociStitched	chr14	69657046	69665834	3	564	9360.9776	479.8248	581	1
12_Myog_60hr_MT_peak_17957_lociStitched	chr17	31821762	31846791	12	3037	11348.1486	2502.9	582	1
7_Myog_60hr_MT_peak_8283_lociStitched	chr11	119607621	119643660	7	1729	12865.923	4025.5563	583	1
3_Myog_60hr_MT_peak_4499_lociStitched	chr10	91177250	91183730	3	600	9803.592	966.816	584	1
6_Myog_60hr_MT_peak_18657_lociStitched	chr17	66364401	66378481	6	1156	10413.568	1603.712	585	1
3_Myog_60hr_MT_peak_20408_lociStitched	chr19	3923446	3926666	3	1401	9197.608	401.534	586	1
6_Myog_60hr_MT_peak_22530_lociStitched	chr2	33189207	33207394	6	1710	10914.0187	2127.879	587	1
7_Myog_60hr_MT_peak_20802_lociStitched	chr19	10286223	10308310	7	2105	11363.7615	2588.5964	588	1
5_Myog_60hr_MT_peak_28440_lociStitched	chr4	123803848	123815477	5	1212	9889.3016	1118.7098	589	1
11_Myog_60hr_MT_peak_4170_lociStitched	chr10	80937685	80969776	11	3374	12557.2083	3789.9471	590	1
3_Myog_60hr_MT_peak_30532_lociStitched	chr5	64322539	64337165	3	607	10378.6096	1645.425	591	1
6_Myog_60hr_MT_peak_3321_lociStitched	chr10	41544594	41555332	6	1402	10177.4764	1448.5562	592	1
7_Myog_60hr_MT_peak_32187_lociStitched	chr5	149228985	149267864	7	1351	12312.9793	3592.4196	593	1
4_Myog_60hr_MT_peak_16969_lociStitched	chr17	3410371	3420426	4	621	9641.7395	931.093	594	1
3_Myog_60hr_MT_peak_19503_lociStitched	chr18	35362578	35383763	3	881	10963.2375	2254.084	595	1
4_Myog_60hr_MT_peak_1054_lociStitched	chr1	89108305	89130708	4	1106	11284.3911	2578.5853	596	1
7_Myog_60hr_MT_peak_24826_lociStitched	chr2	173243261	173265121	7	2538	10816.328	2111.676	597	1
10_Myog_60hr_MT_peak_28050_lociStitched	chr4	107003889	107019362	10	2196	10479.8629	1788.6788	598	1
3_Myog_60hr_MT_peak_16586_lociStitched	chr16	57241892	57251781	3	482	9718.9092	1048.234	599	1
8_Myog_60hr_MT_peak_14927_lociStitched	chr15	84235647	84260249	8	1588	11740.0744	3070.3296	600	1
3_Myog_60hr_MT_peak_41346_lociStitched	chr9	102629130	102643388	3	739	10050.4642	1384.4518	601	1
2_Myog_60hr_MT_peak_36244_lociStitched	chr7	109628931	109637657	2	653	9438.0416	790.5756	602	1
4_Myog_60hr_MT_peak_24527_lociStitched	chr2	164850208	164874809	4	1465	11099.9712	2457.6399	603	1
4_Myog_60hr_MT_peak_3561_lociStitched	chr10	60374190	60389858	4	696	10392.5844	1753.2492	604	1
5_Myog_60hr_MT_peak_39336_lociStitched	chr8	122110397	122118811	5	1113	9370.6718	736.225	605	1
2_Myog_60hr_MT_peak_27588_lociStitched	chr4	59256040	59257921	2	484	8793.1107	183.2094	606	1
5_Myog_60hr_MT_peak_22686_lociStitched	chr2	38531127	38547179	5	1151	10026.0792	1423.8124	607	1
10_Myog_60hr_MT_peak_19028_lociStitched	chr17	86937772	86973667	10	2856	12225.837	3625.395	608	1
3_Myog_60hr_MT_peak_3501_lociStitched	chr10	59623562	59638947	3	743	10681.8055	2104.668	609	1
2_Myog_60hr_MT_peak_2304_lociStitched	chr1	172133606	172140449	2	440	9420.7581	858.1122	610	1
7_Myog_60hr_MT_peak_24500_lociStitched	chr2	164418454	164438591	7	1290	10668.5826	2120.4261	611	1
7_Myog_60hr_MT_peak_19182_lociStitched	chr18	5919784	5945619	7	1913	11049.6295	2503.4115	612	1
3_Myog_60hr_MT_peak_31717_lociStitched	chr5	134951583	134960931	3	808	9549.9168	1016.1276	613	1
7_Myog_60hr_MT_peak_11184_lociStitched	chr13	60002161	60012868	7	1708	9644.8656	1111.3866	614	1
19_Myog_60hr_MT_peak_6023_lociStitched	chr11	61014238	61081859	19	5443	14883.3821	6363.1361	615	1
11_Myog_60hr_MT_peak_34972_lociStitched	chr7	34969086	35001601	11	3362	10925.04	2425.619	616	1
6_Myog_60hr_MT_peak_29733_lociStitched	chr4	155216181	155246980	6	2262	11244.7149	2750.3507	617	1
5_Myog_60hr_MT_peak_6852_lociStitched	chr11	88105559	88119095	5	1132	9990.9216	1502.496	618	1
8_Myog_60hr_MT_peak_15699_lociStitched	chr16	4642179	4661882	8	1768	10355.8968	1873.7553	619	1
6_Myog_60hr_MT_peak_6185_lociStitched	chr11	68030884	68049614	6	1370	10494.419	2019.094	620	1
15_Myog_60hr_MT_peak_15778_lociStitched	chr16	10331247	10380017	15	5187	12426.596	3969.878	621	1
8_Myog_60hr_MT_peak_11021_lociStitched	chr13	54301189	54322667	8	1579	10509.1854	2070.4792	622	1
11_Myog_60hr_MT_peak_29521_lociStitched	chr4	149975409	150012406	11	3177	11846.4394	3437.0213	623	1
2_Myog_60hr_MT_peak_291_lociStitched	chr1	38979976	38992956	2	946	9812.88	1409.628	624	1
5_Myog_60hr_MT_peak_35879_lociStitched	chr7	84015170	84033231	5	1649	9798.0925	1406.9519	625	1
5_Myog_60hr_MT_peak_3649_lociStitched	chr10	62190925	62195776	5	1466	9043.7193	661.6764	626	1
17_Myog_60hr_MT_peak_4373_lociStitched	chr10	84338868	84402334	17	3989	15771.301	7393.789	627	1
6_Myog_60hr_MT_peak_23118_lociStitched	chr2	77109729	77127231	6	2030	10284.1752	1914.7188	628	1
4_Myog_60hr_MT_peak_25635_lociStitched	chr3	68608827	68622319	4	882	9984.08	1614.9924	629	1
6_Myog_60hr_MT_peak_16886_lociStitched	chr16	94533217	94544746	6	1519	9535.6359	1175.958	630	1
4_Myog_60hr_MT_peak_5135_lociStitched	chr11	5242152	5251419	4	686	9404.1516	1046.2443	631	1
4_Myog_60hr_MT_peak_30130_lociStitched	chr5	32721488	32729264	4	751	9303.984	965.7792	632	1
5_Myog_60hr_MT_peak_31762_lociStitched	chr5	136002496	136021738	5	935	10346.4234	2008.8648	633	1
10_Myog_60hr_MT_peak_41193_lociStitched	chr9	90182750	90204892	10	2414	10284.959	1952.9244	634	1
5_Myog_60hr_MT_peak_19449_lociStitched	chr18	33889339	33910448	5	849	10683.2649	2357.8753	635	1
3_Myog_60hr_MT_peak_22138_lociStitched	chr2	27827663	27843158	3	610	9909.0525	1586.688	636	1
7_Myog_60hr_MT_peak_8108_lociStitched	chr11	117729023	117770300	7	1406	12672.039	4358.8512	637	1
11_Myog_60hr_MT_peak_9731_lociStitched	chr12	102285991	102308726	11	3518	10562.681	2253.0385	638	1
6_Myog_60hr_MT_peak_12911_lociStitched	chr14	70074532	70107161	6	1808	11485.408	3217.2194	639	1
3_Myog_60hr_MT_peak_38881_lociStitched	chr8	108748985	108759791	3	757	9189.4224	950.928	640	1
3_Myog_60hr_MT_peak_122_lociStitched	chr1	21041019	21052881	3	883	9432.6624	1196.8758	641	1
3_Myog_60hr_MT_peak_28237_lociStitched	chr4	118015631	118017356	3	1125	8432.6625	230.9775	642	1
3_Myog_60hr_MT_peak_7633_lociStitched	chr11	104611716	104624959	3	521	9703.1461	1503.0805	643	1
3_Myog_60hr_MT_peak_8578_lociStitched	chr12	9109905	9114023	3	619	8646.1528	452.5682	644	1
5_Myog_60hr_MT_peak_9255_lociStitched	chr12	80115575	80136821	5	2282	10633.623	2445.4146	645	1
8_Myog_60hr_MT_peak_40731_lociStitched	chr9	63649924	63665671	8	2712	9556.8543	1401.483	646	1
2_Myog_60hr_MT_peak_9083_lociStitched	chr12	73031396	73040073	2	558	9208.0324	1055.9909	647	1
2_Myog_60hr_MT_peak_7577_lociStitched	chr11	103311984	103324980	2	535	9571.554	1420.4628	648	1
10_Myog_60hr_MT_peak_40626_lociStitched	chr9	61421706	61456013	10	2459	10758.6752	2610.7627	649	1
6_Myog_60hr_MT_peak_24140_lociStitched	chr2	152901424	152914727	6	2053	9353.3393	1210.573	650	1
4_Myog_60hr_MT_peak_5167_lociStitched	chr11	5840400	5867419	4	841	10802.1962	2666.7753	651	1
4_Myog_60hr_MT_peak_10437_lociStitched	chr13	30186585	30199881	4	660	9522.5952	1389.432	652	1
2_Myog_60hr_MT_peak_13878_lociStitched	chr15	55256084	55265772	2	630	9630.8408	1521.016	653	1
3_Myog_60hr_MT_peak_15387_lociStitched	chr15	99376290	99399824	3	506	11246.8986	3148.8492	654	1
3_Myog_60hr_MT_peak_9473_lociStitched	chr12	85602229	85607802	3	664	8812.5849	726.7192	655	1
5_Myog_60hr_MT_peak_13640_lociStitched	chr15	34407239	34412811	5	844	8938.0452	856.9736	656	1
14_Myog_60hr_MT_peak_5124_lociStitched	chr11	5168544	5203346	14	3930	11495.1006	3421.0366	657	1
3_Myog_60hr_MT_peak_30524_lociStitched	chr5	64196774	64207153	3	925	9267.4091	1241.3284	658	1
5_Myog_60hr_MT_peak_41786_lociStitched	chr9	120519043	120532346	5	973	9051.3612	1038.9643	659	1
11_Myog_60hr_MT_peak_39144_lociStitched	chr8	120212621	120231426	11	2948	9560.462	1592.7835	660	1
3_Myog_60hr_MT_peak_37913_lociStitched	chr8	61185320	61194639	3	753	8891.2579	925.3767	661	1
4_Myog_60hr_MT_peak_22700_lociStitched	chr2	38941980	38956440	4	831	9485.76	1547.22	662	1
3_Myog_60hr_MT_peak_22545_lociStitched	chr2	33343560	33353707	3	499	9066.3445	1134.4346	663	1
6_Myog_60hr_MT_peak_2965_lociStitched	chr10	12816935	12836283	6	1567	10324.0928	2430.1088	664	1
6_Myog_60hr_MT_peak_6511_lociStitched	chr11	76487139	76497907	6	1660	9086.0384	1193.0944	665	1
5_Myog_60hr_MT_peak_25467_lociStitched	chr3	55191675	55207953	5	1573	9853.0734	1961.499	666	1
14_Myog_60hr_MT_peak_10091_lociStitched	chr12	112776975	112806423	14	3038	11243.2464	3360.0168	667	1
2_Myog_60hr_MT_peak_35663_lociStitched	chr7	75372011	75379855	2	580	8632.322	749.102	668	1
4_Myog_60hr_MT_peak_40117_lociStitched	chr9	35360496	35372697	4	1203	9070.2234	1192.0377	669	1
2_Myog_60hr_MT_peak_30609_lociStitched	chr5	66535146	66545869	2	244	9151.0082	1298.5553	670	1
2_Myog_60hr_MT_peak_11300_lociStitched	chr13	70650086	70654584	2	318	8395.517	556.4026	671	1
6_Myog_60hr_MT_peak_6977_lociStitched	chr11	94133346	94145334	6	1638	8923.8672	1089.7092	672	1
2_Myog_60hr_MT_peak_24245_lociStitched	chr2	155879001	155885689	2	638	8652.9344	819.28	673	1
3_Myog_60hr_MT_peak_12693_lociStitched	chr14	61155345	61173462	3	887	9710.712	1895.0382	674	1
2_Myog_60hr_MT_peak_29914_lociStitched	chr5	21144480	21148597	2	545	8355.4515	548.7961	675	1
8_Myog_60hr_MT_peak_38195_lociStitched	chr8	72566044	72589566	8	3188	10074.4726	2279.2818	676	1
7_Myog_60hr_MT_peak_20946_lociStitched	chr19	23133269	23136751	7	2299	8093.909	315.4692	677	1
4_Myog_60hr_MT_peak_5814_lociStitched	chr11	55005146	55027448	4	1017	10225.467	2448.7596	678	1
8_Myog_60hr_MT_peak_17758_lociStitched	chr17	28223907	28257300	8	1914	10792.6176	3018.7272	679	1
5_Myog_60hr_MT_peak_7168_lociStitched	chr11	97888562	97909173	5	906	9944.8075	2178.5827	680	1
4_Myog_60hr_MT_peak_13054_lociStitched	chr14	76947261	76959193	4	799	9129.1732	1369.7936	681	1
9_Myog_60hr_MT_peak_9983_lociStitched	chr12	111691637	111705889	9	1658	9196.8156	1445.1528	682	1
2_Myog_60hr_MT_peak_13474_lociStitched	chr15	25869190	25877199	2	720	9014.9304	1267.8247	683	1
5_Myog_60hr_MT_peak_8474_lociStitched	chr11	121502057	121530066	5	1173	10590.2029	2845.7144	684	1
4_Myog_60hr_MT_peak_32039_lociStitched	chr5	142916652	142929667	4	1236	9131.324	1399.1125	685	1
5_Myog_60hr_MT_peak_34322_lociStitched	chr6	149343997	149366115	5	719	10238.4222	2510.393	686	1
2_Myog_60hr_MT_peak_10654_lociStitched	chr13	41401730	41405303	2	495	8057.115	340.8642	687	1
3_Myog_60hr_MT_peak_19130_lociStitched	chr18	4969822	4980519	3	722	8690.2428	981.9846	688	1
3_Myog_60hr_MT_peak_10976_lociStitched	chr13	52175728	52188162	3	901	8894.0402	1188.6904	689	1
5_Myog_60hr_MT_peak_33319_lociStitched	chr6	90757708	90765109	5	1208	8430.4791	732.699	690	1
6_Myog_60hr_MT_peak_26508_lociStitched	chr3	122430674	122440378	6	1023	8539.52	849.1	691	1
5_Myog_60hr_MT_peak_35287_lociStitched	chr7	48870161	48888214	5	1706	9219.6671	1563.3898	692	1
6_Myog_60hr_MT_peak_24715_lociStitched	chr2	167672369	167698089	6	3298	10331.724	2677.452	693	1
6_Myog_60hr_MT_peak_41476_lociStitched	chr9	107611390	107626907	6	2072	9023.1355	1399.6334	694	1
3_Myog_60hr_MT_peak_27751_lociStitched	chr4	82641098	82645960	3	396	8121.971	508.5652	695	1
2_Myog_60hr_MT_peak_27673_lociStitched	chr4	64078106	64084140	2	272	8354.073	743.3888	696	1
5_Myog_60hr_MT_peak_10604_lociStitched	chr13	37778333	37801893	5	858	9831.588	2226.42	697	1
7_Myog_60hr_MT_peak_1115_lociStitched	chr1	90148308	90166735	7	2368	9451.2083	1861.127	698	1
3_Myog_60hr_MT_peak_21351_lociStitched	chr19	46223237	46234719	3	492	8856.0666	1272.2056	699	1
9_Myog_60hr_MT_peak_5710_lociStitched	chr11	52251890	52275027	9	1866	10145.5745	2565.8933	700	1
20_Myog_60hr_MT_peak_39211_lociStitched	chr8	120484505	120564819	20	7187	13557.0032	6015.5186	701	1
3_Myog_60hr_MT_peak_15260_lociStitched	chr15	97089593	97105145	3	641	9751.104	2209.9392	702	1
6_Myog_60hr_MT_peak_35641_lociStitched	chr7	74391347	74417459	6	1435	9530.88	1992.3456	703	1
3_Myog_60hr_MT_peak_19355_lociStitched	chr18	24095324	24112194	3	608	9626.022	2096.941	704	1
3_Myog_60hr_MT_peak_18689_lociStitched	chr17	67978961	67996494	3	675	9339.8291	1821.6787	705	1
5_Myog_60hr_MT_peak_23271_lociStitched	chr2	92047692	92067177	5	924	9535.959	2043.9765	706	1
11_Myog_60hr_MT_peak_10065_lociStitched	chr12	112651879	112701811	11	4244	11888.8092	4399.0092	707	1
5_Myog_60hr_MT_peak_14553_lociStitched	chr15	78503954	78512313	5	1598	8568.8109	1112.5829	708	1
4_Myog_60hr_MT_peak_19118_lociStitched	chr18	4503592	4523255	4	1059	9251.4415	1805.0634	709	1
3_Myog_60hr_MT_peak_40103_lociStitched	chr9	35145158	35156670	3	1162	8525.7872	1082.128	710	1
5_Myog_60hr_MT_peak_19602_lociStitched	chr18	38200134	38212916	5	2026	8921.836	1478.8774	711	1
4_Myog_60hr_MT_peak_31400_lociStitched	chr5	121685155	121693064	4	734	8238.0144	795.6454	712	1
4_Myog_60hr_MT_peak_28111_lociStitched	chr4	109126953	109138791	4	802	8763.6714	1324.6722	713	1
11_Myog_60hr_MT_peak_23392_lociStitched	chr2	102112017	102142627	11	2989	10367.607	2935.499	714	1
3_Myog_60hr_MT_peak_25692_lociStitched	chr3	83446143	83450933	3	630	8114.739	702.214	715	1
5_Myog_60hr_MT_peak_27231_lociStitched	chr4	42945172	42959649	5	2271	8644.2167	1234.8881	716	1
5_Myog_60hr_MT_peak_27283_lociStitched	chr4	43968743	43980071	5	1046	8651.1936	1258.5408	717	1
2_Myog_60hr_MT_peak_21157_lociStitched	chr19	38015549	38025413	2	341	8272.9368	885.7872	718	1
5_Myog_60hr_MT_peak_19855_lociStitched	chr18	60746941	60756762	5	837	8361.5994	1036.1155	719	1
5_Myog_60hr_MT_peak_18359_lociStitched	chr17	47291567	47306769	5	1242	9020.8668	1699.5836	720	1
3_Myog_60hr_MT_peak_15547_lociStitched	chr15	101996785	102017213	3	832	9789.0976	2477.9164	721	1
4_Myog_60hr_MT_peak_5238_lociStitched	chr11	8532824	8557456	4	1374	9884.8216	2598.676	722	1
4_Myog_60hr_MT_peak_18340_lociStitched	chr17	46843077	46856886	4	838	8861.2353	1579.7496	723	1
7_Myog_60hr_MT_peak_17271_lociStitched	chr17	12745362	12760635	7	2293	8913.3228	1632.6837	724	1
4_Myog_60hr_MT_peak_28452_lociStitched	chr4	124696103	124709273	4	1227	8565.768	1297.245	725	1
2_Myog_60hr_MT_peak_13482_lociStitched	chr15	25948295	25957155	2	605	8535.724	1269.638	726	1
9_Myog_60hr_MT_peak_16354_lociStitched	chr16	33580526	33594823	9	1787	8749.764	1491.1771	727	1
7_Myog_60hr_MT_peak_40456_lociStitched	chr9	56860469	56894335	7	1787	9665.3564	2407.8726	728	1
3_Myog_60hr_MT_peak_13749_lociStitched	chr15	38384168	38391826	3	1385	8198.6548	941.934	729	1
2_Myog_60hr_MT_peak_2132_lociStitched	chr1	160520729	160531712	2	503	8811.6609	1565.0775	730	1
6_Myog_60hr_MT_peak_25628_lociStitched	chr3	68576658	68595754	6	1343	9383.7744	2138.752	731	1
2_Myog_60hr_MT_peak_10543_lociStitched	chr13	35503534	35512322	2	471	8158.7792	916.5884	732	1
3_Myog_60hr_MT_peak_22504_lociStitched	chr2	32856210	32870578	3	636	8748.6752	1508.64	733	1
5_Myog_60hr_MT_peak_11125_lociStitched	chr13	56601239	56635111	5	1087	10134.5024	2902.8304	734	1
2_Myog_60hr_MT_peak_10876_lociStitched	chr13	49485433	49492952	2	390	8216.0113	991.0042	735	1
3_Myog_60hr_MT_peak_11390_lociStitched	chr13	80939281	80951644	3	436	8618.2473	1416.7998	736	1
4_Myog_60hr_MT_peak_39381_lociStitched	chr8	122342490	122345310	4	817	7410.114	210.654	737	1
6_Myog_60hr_MT_peak_12747_lociStitched	chr14	63154114	63183042	6	2099	10471.936	3289.1136	738	1
3_Myog_60hr_MT_peak_30548_lociStitched	chr5	64505287	64518130	3	617	8693.4267	1520.6112	739	1
3_Myog_60hr_MT_peak_7190_lociStitched	chr11	98050282	98061748	3	590	8370.18	1200.4902	740	1
2_Myog_60hr_MT_peak_5108_lociStitched	chr11	5009819	5016596	2	351	8040.9105	874.233	741	1
4_Myog_60hr_MT_peak_7992_lociStitched	chr11	116513742	116523209	4	970	8281.7316	1118.9994	742	1
2_Myog_60hr_MT_peak_26375_lociStitched	chr3	108881164	108886525	2	333	7822.2351	663.1557	743	1
4_Myog_60hr_MT_peak_13547_lociStitched	chr15	28061041	28082660	4	701	10100.3968	2946.6697	744	1
7_Myog_60hr_MT_peak_11624_lociStitched	chr13	99350136	99369415	7	1338	9198.0109	2051.2856	745	1
3_Myog_60hr_MT_peak_19140_lociStitched	chr18	5123420	5134299	3	758	8269.1279	1125.9765	746	1
7_Myog_60hr_MT_peak_37570_lociStitched	chr8	23133340	23149586	7	1655	8532.3992	1395.5314	747	1
6_Myog_60hr_MT_peak_9442_lociStitched	chr12	85192854	85209161	6	1146	8738.9213	1604.6088	748	1
8_Myog_60hr_MT_peak_36126_lociStitched	chr7	100911935	100960689	8	1751	11696.0846	4563.3744	749	1
2_Myog_60hr_MT_peak_5349_lociStitched	chr11	20468446	20477758	2	270	8136.8256	1007.5584	750	1
3_Myog_60hr_MT_peak_2550_lociStitched	chr1	182520218	182528466	3	761	8059.1208	931.1992	751	1
5_Myog_60hr_MT_peak_2573_lociStitched	chr1	183147424	183159464	5	1104	8655.556	1537.508	752	1
7_Myog_60hr_MT_peak_21004_lociStitched	chr19	25426480	25440081	7	1856	8602.6325	1496.11	753	1
4_Myog_60hr_MT_peak_26806_lociStitched	chr3	145653495	145666759	4	834	8555.28	1457.7136	754	1
6_Myog_60hr_MT_peak_10110_lociStitched	chr12	112937870	112961715	6	1664	9197.0165	2122.205	755	1
4_Myog_60hr_MT_peak_28030_lociStitched	chr4	106828024	106848995	4	693	8929.4518	1858.0306	756	1
4_Myog_60hr_MT_peak_20852_lociStitched	chr19	12475393	12493714	4	950	9319.8927	2268.1398	757	1
2_Myog_60hr_MT_peak_10384_lociStitched	chr13	28417998	28420144	2	666	7295.5416	245.717	758	1
7_Myog_60hr_MT_peak_9111_lociStitched	chr12	73402279	73417620	7	1941	8664.5968	1627.6801	759	1
3_Myog_60hr_MT_peak_1972_lociStitched	chr1	153191410	153211311	3	552	9152.4699	2137.3674	760	1
6_Myog_60hr_MT_peak_17850_lociStitched	chr17	29330712	29342230	6	2420	8066.0554	1051.5934	761	1
2_Myog_60hr_MT_peak_27901_lociStitched	chr4	95611379	95621398	2	555	8050.2665	1035.9646	762	1
7_Myog_60hr_MT_peak_41506_lociStitched	chr9	108104773	108137946	7	2073	9510.6991	2497.9269	763	1
5_Myog_60hr_MT_peak_40605_lociStitched	chr9	60308276	60315813	5	1521	7705.8288	700.1873	764	1
4_Myog_60hr_MT_peak_32176_lociStitched	chr5	148959056	148975318	4	984	8685.5342	1689.6218	765	1
2_Myog_60hr_MT_peak_32983_lociStitched	chr6	72505981	72513022	2	594	7751.4369	760.428	766	1
3_Myog_60hr_MT_peak_35011_lociStitched	chr7	36659388	36673255	3	735	8030.3797	1041.4117	767	1
6_Myog_60hr_MT_peak_17210_lociStitched	chr17	10378443	10397270	6	1840	8711.2529	1724.5532	768	1
4_Myog_60hr_MT_peak_2657_lociStitched	chr1	186582312	186587760	4	972	7552.5624	576.3984	769	1
12_Myog_60hr_MT_peak_28722_lociStitched	chr4	133014189	133057925	12	3474	11069.5816	4102.4368	770	1
5_Myog_60hr_MT_peak_12020_lociStitched	chr14	20651107	20664757	5	1164	8531.25	1569.75	771	1
6_Myog_60hr_MT_peak_41927_lociStitched	chrUn_JH584304	34328	49017	6	961	37411.4141	30457.6415	772	1
5_Myog_60hr_MT_peak_33085_lociStitched	chr6	84002829	84030020	5	1443	9503.2545	2555.954	773	1
10_Myog_60hr_MT_peak_8968_lociStitched	chr12	55444053	55467125	10	2170	9360.3104	2415.6384	774	1
5_Myog_60hr_MT_peak_30106_lociStitched	chr5	32061948	32081095	5	1010	8981.8577	2041.0702	775	1
5_Myog_60hr_MT_peak_2257_lociStitched	chr1	170655514	170665626	5	1448	8090.6112	1152.768	776	1
5_Myog_60hr_MT_peak_23270_lociStitched	chr2	91998294	92013083	5	1184	8445.9979	1512.9147	777	1
9_Myog_60hr_MT_peak_22353_lociStitched	chr2	30985284	31028637	9	2011	11146.0563	4222.5822	778	1
4_Myog_60hr_MT_peak_809_lociStitched	chr1	75344339	75347687	4	835	7331.7852	410.4648	779	1
5_Myog_60hr_MT_peak_34727_lociStitched	chr7	27481605	27502024	5	1633	8598.4409	1686.6094	780	1
13_Myog_60hr_MT_peak_39372_lociStitched	chr8	122273286	122324407	13	3455	11016.5755	4105.0163	781	1
6_Myog_60hr_MT_peak_34498_lociStitched	chr7	16940281	16956664	6	2612	8168.5638	1258.2144	782	1
3_Myog_60hr_MT_peak_42476_lociStitched	chrX	166801200	166805866	3	1040	7438.0706	532.8572	783	1
8_Myog_60hr_MT_peak_6997_lociStitched	chr11	94221431	94246595	8	1553	9071.622	2169.1368	784	1
5_Myog_60hr_MT_peak_9489_lociStitched	chr12	85969597	85974385	5	1198	7509.4992	607.5972	785	1
5_Myog_60hr_MT_peak_13703_lociStitched	chr15	36921948	36946804	5	1116	9999.5688	3099.5432	786	1
8_Myog_60hr_MT_peak_24329_lociStitched	chr2	157058793	157073894	8	1822	8569.8175	1676.211	787	1
8_Myog_60hr_MT_peak_19841_lociStitched	chr18	60696916	60733603	8	1811	10250.3478	3364.1979	788	1
10_Myog_60hr_MT_peak_20180_lociStitched	chr18	75650589	75692243	10	2407	10084.4334	3207.358	789	1
11_Myog_60hr_MT_peak_37411_lociStitched	chr8	11684631	11722061	11	3269	10184.703	3316.298	790	1
4_Myog_60hr_MT_peak_28409_lociStitched	chr4	123226010	123239839	4	1303	8394.203	1555.7625	791	1
2_Myog_60hr_MT_peak_26008_lociStitched	chr3	95668657	95675740	2	398	7616.3499	779.8383	792	1
23_Myog_60hr_MT_peak_32674_lociStitched	chr6	47739665	47778486	23	6031	19849.1773	13012.7992	793	1
6_Myog_60hr_MT_peak_36142_lociStitched	chr7	101083703	101101647	6	1537	8381.6424	1550.3616	794	1
2_Myog_60hr_MT_peak_20914_lociStitched	chr19	21104665	21106600	2	578	7031.5965	201.4335	795	1
3_Myog_60hr_MT_peak_32881_lociStitched	chr6	67102559	67115767	3	629	8339.5312	1514.9576	796	1
5_Myog_60hr_MT_peak_8919_lociStitched	chr12	54187281	54214758	5	1643	9586.7253	2764.1862	797	1
6_Myog_60hr_MT_peak_38114_lociStitched	chr8	70863094	70884988	6	1483	9042.222	2220.0516	798	1
6_Myog_60hr_MT_peak_12994_lociStitched	chr14	74903178	74927208	6	2072	9458.208	2643.3	799	1
4_Myog_60hr_MT_peak_4439_lociStitched	chr10	86100341	86126845	4	797	9941.6504	3143.3744	800	1
3_Myog_60hr_MT_peak_1225_lociStitched	chr1	92098595	92100799	3	656	7113.8508	327.7348	801	1
3_Myog_60hr_MT_peak_41404_lociStitched	chr9	105374459	105377878	3	561	7030.8316	251.6384	802	1
3_Myog_60hr_MT_peak_40913_lociStitched	chr9	69467348	69473044	3	1146	7230.5024	451.6928	803	1
2_Myog_60hr_MT_peak_11012_lociStitched	chr13	52978410	52986627	2	988	7708.3677	933.4512	804	1
11_Myog_60hr_MT_peak_7857_lociStitched	chr11	114807123	114844734	11	3167	10008.2871	3238.3071	805	1
5_Myog_60hr_MT_peak_24119_lociStitched	chr2	152726818	152741613	5	1822	8381.3675	1627.45	806	1
4_Myog_60hr_MT_peak_40622_lociStitched	chr9	61369473	61388101	4	1396	8395.6396	1648.578	807	1
4_Myog_60hr_MT_peak_16281_lociStitched	chr16	31597260	31607015	4	1005	7697.6705	954.039	808	1
3_Myog_60hr_MT_peak_3141_lociStitched	chr10	25521771	25533343	3	571	8214.9628	1483.5304	809	1
4_Myog_60hr_MT_peak_17973_lociStitched	chr17	31888599	31897752	4	1251	7538.4108	810.0405	810	1
5_Myog_60hr_MT_peak_15685_lociStitched	chr16	4586621	4606881	5	1922	8505.148	1778.828	811	1
4_Myog_60hr_MT_peak_38214_lociStitched	chr8	72777921	72783500	4	671	7420.6279	697.9329	812	1
7_Myog_60hr_MT_peak_10138_lociStitched	chr12	113059002	113071736	7	1757	7998.2254	1279.767	813	1
4_Myog_60hr_MT_peak_118_lociStitched	chr1	21002356	21014806	4	902	8249.37	1533.84	814	1
5_Myog_60hr_MT_peak_36070_lociStitched	chr7	99356589	99363294	5	1476	7181.055	467.3385	815	1
3_Myog_60hr_MT_peak_38273_lociStitched	chr8	79196586	79210267	3	524	8831.0855	2117.8188	816	1
6_Myog_60hr_MT_peak_8758_lociStitched	chr12	28800221	28831285	6	1426	9480.7328	2774.0152	817	1
4_Myog_60hr_MT_peak_7812_lociStitched	chr11	113467324	113487881	4	808	8666.8312	1963.1935	818	1
2_Myog_60hr_MT_peak_27341_lociStitched	chr4	45489682	45493399	2	389	7133.6664	432.6588	819	1
4_Myog_60hr_MT_peak_19564_lociStitched	chr18	36408821	36416804	4	794	7371.5022	671.3703	820	1
9_Myog_60hr_MT_peak_1838_lociStitched	chr1	135923349	135949131	9	1888	9637.3116	2959.7736	821	1
5_Myog_60hr_MT_peak_10957_lociStitched	chr13	52017944	52027545	5	1505	7585.7501	910.1748	822	1
4_Myog_60hr_MT_peak_33866_lociStitched	chr6	120978166	120995913	4	1208	8335.7659	1661.1192	823	1
7_Myog_60hr_MT_peak_34619_lociStitched	chr7	19928781	19940143	7	1067	7598.9056	926.003	824	1
3_Myog_60hr_MT_peak_18004_lociStitched	chr17	32110553	32122038	3	527	7822.4335	1157.688	825	1
2_Myog_60hr_MT_peak_3232_lociStitched	chr10	37335373	37342998	2	346	7758.4375	1094.95	826	1
9_Myog_60hr_MT_peak_26197_lociStitched	chr3	101494011	101514024	9	2826	8555.5575	1897.2324	827	1
5_Myog_60hr_MT_peak_5417_lociStitched	chr11	29774327	29794555	5	1502	8782.9976	2125.9628	828	1
4_Myog_60hr_MT_peak_7035_lociStitched	chr11	95157933	95166296	4	1485	7617.0204	965.0902	829	1
6_Myog_60hr_MT_peak_31122_lociStitched	chr5	113187559	113221420	6	1322	9765.5124	3115.212	830	1
2_Myog_60hr_MT_peak_13507_lociStitched	chr15	27530105	27538177	2	327	7889.5728	1239.8592	831	1
3_Myog_60hr_MT_peak_16681_lociStitched	chr16	85870015	85888122	3	687	8738.4382	2093.1692	832	1
4_Myog_60hr_MT_peak_27784_lociStitched	chr4	83830996	83839356	4	779	7760.588	1116.06	833	1
3_Myog_60hr_MT_peak_9674_lociStitched	chr12	100391819	100402574	3	892	7798.4505	1165.842	834	1
8_Myog_60hr_MT_peak_17150_lociStitched	chr17	7985748	8009846	8	1710	9121.093	2489.3234	835	1
2_Myog_60hr_MT_peak_6316_lociStitched	chr11	71976800	71985727	2	1258	7795.9491	1173.9005	836	1
5_Myog_60hr_MT_peak_21173_lociStitched	chr19	40368535	40394764	5	1475	9568.3392	2950.7625	837	1
3_Myog_60hr_MT_peak_7726_lociStitched	chr11	107728636	107731878	3	829	7000.4506	387.419	838	1
4_Myog_60hr_MT_peak_14767_lociStitched	chr15	81120221	81128517	4	691	7797.4104	1188.8168	839	1
7_Myog_60hr_MT_peak_21646_lociStitched	chr19	56971493	56989537	7	1559	8554.6604	1979.4268	840	1
4_Myog_60hr_MT_peak_28693_lociStitched	chr4	132588575	132607816	4	896	8394.8483	1824.0468	841	1
7_Myog_60hr_MT_peak_39759_lociStitched	chr8	126903510	126928322	7	1296	8470.8168	1900.5992	842	1
7_Myog_60hr_MT_peak_731_lociStitched	chr1	74028953	74055698	7	1490	9347.3775	2784.1545	843	1
3_Myog_60hr_MT_peak_21347_lociStitched	chr19	46186733	46199217	3	475	8004.7408	1443.1504	844	1
11_Myog_60hr_MT_peak_33871_lociStitched	chr6	121033345	121068708	11	2186	9905.1763	3345.3398	845	1
8_Myog_60hr_MT_peak_16119_lociStitched	chr16	24156713	24179057	8	2137	8542.1112	1988.616	846	1
9_Myog_60hr_MT_peak_33667_lociStitched	chr6	113655027	113690911	9	2212	9864.5116	3312.0932	847	1
3_Myog_60hr_MT_peak_8210_lociStitched	chr11	118363121	118366371	3	1077	7008.625	486.2	848	1
7_Myog_60hr_MT_peak_37371_lociStitched	chr8	11404653	11426570	7	1418	8567.3553	2049.2395	849	1
2_Myog_60hr_MT_peak_27011_lociStitched	chr4	12000796	12009480	2	526	7481.266	970.0028	850	1
2_Myog_60hr_MT_peak_27807_lociStitched	chr4	84452768	84457901	2	325	7084.0533	574.3827	851	1
6_Myog_60hr_MT_peak_37262_lociStitched	chr7	145089680	145114254	6	1422	8507.5188	1997.8662	852	1
5_Myog_60hr_MT_peak_40099_lociStitched	chr9	35032380	35045967	5	1144	7589.6982	1085.6013	853	1
2_Myog_60hr_MT_peak_11615_lociStitched	chr13	99259518	99262690	2	579	6858.1812	354.3124	854	1
4_Myog_60hr_MT_peak_33829_lociStitched	chr6	120170192	120191238	4	1313	8532.0484	2028.8344	855	1
6_Myog_60hr_MT_peak_40055_lociStitched	chr9	30509079	30525348	6	1203	7934.3913	1434.9258	856	1
3_Myog_60hr_MT_peak_38950_lociStitched	chr8	110929088	110941925	3	989	7587.9507	1093.7124	857	1
2_Myog_60hr_MT_peak_9351_lociStitched	chr12	82322756	82329708	2	411	7314.1992	823.812	858	1
9_Myog_60hr_MT_peak_12768_lociStitched	chr14	63439409	63471256	9	1902	9375.7568	2888.5229	859	1
5_Myog_60hr_MT_peak_27646_lociStitched	chr4	63399233	63410714	5	1224	7601.5701	1121.6937	860	1
2_Myog_60hr_MT_peak_34839_lociStitched	chr7	28936751	28946990	2	354	7196.9931	736.1841	861	1
5_Myog_60hr_MT_peak_40683_lociStitched	chr9	62521782	62541772	5	1954	8055.97	1595.202	862	1
7_Myog_60hr_MT_peak_14993_lociStitched	chr15	85546596	85574849	7	1974	9815.0922	3364.9323	863	1
6_Myog_60hr_MT_peak_15801_lociStitched	chr16	10754629	10782051	6	1134	8775.04	2325.3856	864	1
5_Myog_60hr_MT_peak_36362_lociStitched	chr7	112228897	112245030	5	1475	7818.0518	1369.6917	865	1
10_Myog_60hr_MT_peak_18274_lociStitched	chr17	45911236	45948618	10	3015	9524.9336	3080.2768	866	1
8_Myog_60hr_MT_peak_534_lociStitched	chr1	59405418	59434324	8	1755	9247.0294	2809.6632	867	1
4_Myog_60hr_MT_peak_26028_lociStitched	chr3	95988990	96001262	4	1007	7812.3552	1376.9184	868	1
5_Myog_60hr_MT_peak_24595_lociStitched	chr2	166420364	166443305	5	1098	8811.6381	2376.6876	869	1
3_Myog_60hr_MT_peak_8292_lociStitched	chr11	119657637	119673068	3	512	8047.2665	1620.255	870	1
6_Myog_60hr_MT_peak_9307_lociStitched	chr12	80877188	80887339	6	1957	7516.8155	1091.2325	871	1
7_Myog_60hr_MT_peak_22158_lociStitched	chr2	28195785	28228718	7	1745	9356.2653	2937.6236	872	1
2_Myog_60hr_MT_peak_30568_lociStitched	chr5	64878055	64887629	2	556	7360.4912	946.8686	873	1
3_Myog_60hr_MT_peak_6535_lociStitched	chr11	77442234	77447002	3	569	7039.4752	632.2368	874	1
2_Myog_60hr_MT_peak_22134_lociStitched	chr2	27799215	27802909	2	645	6803.2398	407.8176	875	1
5_Myog_60hr_MT_peak_16871_lociStitched	chr16	94348848	94365700	5	1184	8077.1636	1683.5148	876	1
2_Myog_60hr_MT_peak_26405_lociStitched	chr3	115961762	115969400	2	440	7325.6058	937.9464	877	1
2_Myog_60hr_MT_peak_35479_lociStitched	chr7	66580624	66591967	2	538	7254.9828	868.8738	878	1
3_Myog_60hr_MT_peak_39965_lociStitched	chr9	21720203	21729684	3	845	7321.2282	939.5671	879	1
2_Myog_60hr_MT_peak_26690_lociStitched	chr3	135666141	135671229	2	440	7046.3712	676.1952	880	1
4_Myog_60hr_MT_peak_16370_lociStitched	chr16	33677047	33689622	4	1115	7693.385	1335.465	881	1
3_Myog_60hr_MT_peak_35946_lociStitched	chr7	90228184	90234240	3	617	6811.1832	455.4112	882	1
4_Myog_60hr_MT_peak_6013_lociStitched	chr11	60935401	60954067	4	1091	8246.6388	1892.7324	883	1
33_Myog_60hr_MT_peak_32617_lociStitched	chr6	47650835	47686407	33	6947	21923.0236	15569.8644	884	1
3_Myog_60hr_MT_peak_41224_lociStitched	chr9	94567788	94582663	3	737	7904.575	1569.3125	885	1
2_Myog_60hr_MT_peak_8631_lociStitched	chr12	16850654	16853938	2	809	6670.7892	336.61	886	1
4_Myog_60hr_MT_peak_9219_lociStitched	chr12	79600407	79613194	4	738	7903.6447	1574.0797	887	1
3_Myog_60hr_MT_peak_15367_lociStitched	chr15	99249032	99255701	3	928	7327.8972	1003.6845	888	1
5_Myog_60hr_MT_peak_31524_lociStitched	chr5	124206568	124224924	5	1207	8109.6808	1786.0388	889	1
3_Myog_60hr_MT_peak_29924_lociStitched	chr5	21527456	21535771	3	387	7331.3355	1008.6095	890	1
4_Myog_60hr_MT_peak_5059_lociStitched	chr11	3900386	3911190	4	864	7556.3176	1238.1384	891	1
2_Myog_60hr_MT_peak_11799_lociStitched	chr13	110903363	110907884	2	333	6802.7487	492.3369	892	1
3_Myog_60hr_MT_peak_36107_lociStitched	chr7	100458279	100469834	3	821	7102.8585	798.4505	893	1
3_Myog_60hr_MT_peak_13735_lociStitched	chr15	38205345	38214591	3	507	7369.062	1066.9884	894	1
2_Myog_60hr_MT_peak_10523_lociStitched	chr13	34127665	34136898	2	1605	7238.672	939.9194	895	1
7_Myog_60hr_MT_peak_21446_lociStitched	chr19	47316340	47331001	7	1509	7814.313	1520.3457	896	1
3_Myog_60hr_MT_peak_28565_lociStitched	chr4	129033444	129049253	3	602	7800.1606	1509.7595	897	1
2_Myog_60hr_MT_peak_1984_lociStitched	chr1	153556266	153568320	2	432	7602.4578	1322.3238	898	1
9_Myog_60hr_MT_peak_31740_lociStitched	chr5	135488780	135531724	9	2276	10456.864	4187.04	899	1
7_Myog_60hr_MT_peak_21596_lociStitched	chr19	55747307	55781842	7	1490	9507.4855	3242.8365	900	1
2_Myog_60hr_MT_peak_8633_lociStitched	chr12	16870934	16883294	2	288	7512.408	1269.372	901	1
3_Myog_60hr_MT_peak_19804_lociStitched	chr18	57488031	57508043	3	515	7832.6968	1606.9636	902	1
4_Myog_60hr_MT_peak_13255_lociStitched	chr14	121165797	121184668	4	952	8118.3042	1892.7613	903	1
3_Myog_60hr_MT_peak_754_lociStitched	chr1	74384596	74397637	3	1807	7528.5693	1305.4041	904	1
5_Myog_60hr_MT_peak_38334_lociStitched	chr8	83737795	83749055	5	1949	8052.026	1847.766	905	1
4_Myog_60hr_MT_peak_29561_lociStitched	chr4	150371782	150379571	4	958	6989.0697	790.5835	906	1
3_Myog_60hr_MT_peak_40326_lociStitched	chr9	49654771	49673062	3	530	7870.6173	1677.2847	907	1
5_Myog_60hr_MT_peak_19790_lociStitched	chr18	57245276	57267291	5	1872	8367.9015	2175.082	908	1
4_Myog_60hr_MT_peak_39970_lociStitched	chr9	21748137	21754352	4	1182	6772.4855	596.0185	909	1
2_Myog_60hr_MT_peak_38218_lociStitched	chr8	73282102	73293944	2	478	7413.092	1239.8574	910	1
2_Myog_60hr_MT_peak_20425_lociStitched	chr19	4090595	4094661	2	411	6615.382	448.8864	911	1
10_Myog_60hr_MT_peak_20207_lociStitched	chr18	76055179	76074168	10	2370	8036.1448	1872.3154	912	1
4_Myog_60hr_MT_peak_6245_lociStitched	chr11	69410805	69418963	4	1961	7177.4084	1014.8552	913	1
5_Myog_60hr_MT_peak_21665_lociStitched	chr19	57238571	57247461	5	785	7071.106	909.447	914	1
2_Myog_60hr_MT_peak_18880_lociStitched	chr17	79454798	79463601	2	405	7236.066	1079.2478	915	1
2_Myog_60hr_MT_peak_25128_lociStitched	chr3	21952752	21963642	2	327	7430.247	1291.554	916	1
4_Myog_60hr_MT_peak_19944_lociStitched	chr18	62036644	62050265	4	656	7360.7884	1223.1658	917	1
5_Myog_60hr_MT_peak_1232_lociStitched	chr1	92169222	92185149	5	930	7902.9774	1774.2678	918	1
3_Myog_60hr_MT_peak_22225_lociStitched	chr2	29623412	29633320	3	763	7281.3892	1159.236	919	1
4_Myog_60hr_MT_peak_3495_lociStitched	chr10	59501929	59514988	4	618	7858.9062	1747.2942	920	1
3_Myog_60hr_MT_peak_26721_lociStitched	chr3	138097847	138105361	3	928	6725.7814	620.6564	921	1
4_Myog_60hr_MT_peak_7026_lociStitched	chr11	95099555	95111949	4	661	7257.9264	1161.3178	922	1
7_Myog_60hr_MT_peak_17300_lociStitched	chr17	13661294	13682598	7	1988	8308.56	2217.7464	923	1
10_Myog_60hr_MT_peak_35512_lociStitched	chr7	67414955	67446005	10	2889	8625.69	2539.89	924	1
12_Myog_60hr_MT_peak_31030_lociStitched	chr5	110607659	110637786	12	3298	9176.6842	3091.0302	925	1
9_Myog_60hr_MT_peak_21436_lociStitched	chr19	47248055	47283126	9	1921	9528.7907	3447.4793	926	1
3_Myog_60hr_MT_peak_26455_lociStitched	chr3	121428965	121437370	3	518	6952.616	876.6415	927	1
2_Myog_60hr_MT_peak_13679_lociStitched	chr15	36716351	36727759	2	716	7479.0848	1407.7472	928	1
6_Myog_60hr_MT_peak_5627_lociStitched	chr11	50252665	50270210	6	1428	8121.5805	2063.292	929	1
3_Myog_60hr_MT_peak_8786_lociStitched	chr12	31964199	31973802	3	612	7112.9421	1064.0124	930	1
7_Myog_60hr_MT_peak_22704_lociStitched	chr2	38974407	38992271	7	1478	7752.976	1704.2256	931	1
36_Myog_60hr_MT_peak_20686_lociStitched	chr19	7066539	7179499	36	11315	17011.776	10968.416	932	1
4_Myog_60hr_MT_peak_12034_lociStitched	chr14	20805053	20806815	4	629	6243.2946	213.9068	933	1
2_Myog_60hr_MT_peak_35736_lociStitched	chr7	80156966	80167103	2	577	6809.0229	782.5764	934	1
7_Myog_60hr_MT_peak_16840_lociStitched	chr16	93792763	93819524	7	1742	8627.7464	2609.1975	935	1
4_Myog_60hr_MT_peak_25578_lociStitched	chr3	65474647	65482968	4	931	6925.5683	927.7915	936	1
3_Myog_60hr_MT_peak_7432_lociStitched	chr11	101830177	101839827	3	661	7080.205	1088.52	937	1
2_Myog_60hr_MT_peak_13901_lociStitched	chr15	56624130	56634542	2	457	7554.9472	1580.5416	938	1
4_Myog_60hr_MT_peak_11480_lociStitched	chr13	94062439	94074017	4	782	7233.9344	1266.6332	939	1
4_Myog_60hr_MT_peak_26480_lociStitched	chr3	122000011	122012982	4	717	7615.2741	1652.5054	940	1
7_Myog_60hr_MT_peak_1083_lociStitched	chr1	89509295	89522651	7	2474	7233.6096	1286.1828	941	1
4_Myog_60hr_MT_peak_27316_lociStitched	chr4	45259315	45276138	4	1241	7617.4544	1689.0292	942	1
5_Myog_60hr_MT_peak_2571_lociStitched	chr1	183101368	183116688	5	889	7727.408	1804.696	943	1
4_Myog_60hr_MT_peak_22104_lociStitched	chr2	27405530	27415636	4	1055	6953.9386	1043.9498	944	1
4_Myog_60hr_MT_peak_6446_lociStitched	chr11	75561248	75573325	4	760	7073.4989	1169.0536	945	1
5_Myog_60hr_MT_peak_24634_lociStitched	chr2	167074800	167080102	5	2471	6438.2186	534.9718	946	1
8_Myog_60hr_MT_peak_12988_lociStitched	chr14	74868382	74884561	8	2066	7675.3176	1773.2184	947	1
4_Myog_60hr_MT_peak_15176_lociStitched	chr15	93651385	93662919	4	1179	7427.896	1530.5618	948	1
12_Myog_60hr_MT_peak_35380_lociStitched	chr7	63896372	63925238	12	2322	8160.4182	2274.6408	949	1
10_Myog_60hr_MT_peak_21534_lociStitched	chr19	53649013	53670855	10	2558	8323.9862	2441.9356	950	1
4_Myog_60hr_MT_peak_19143_lociStitched	chr18	5161102	5166988	4	867	6528.1626	647.46	951	1
2_Myog_60hr_MT_peak_36686_lociStitched	chr7	127685331	127691908	2	749	6379.69	505.1136	952	1
2_Myog_60hr_MT_peak_33775_lociStitched	chr6	116636937	116644515	2	366	6622.4142	752.4954	953	1
4_Myog_60hr_MT_peak_26289_lociStitched	chr3	104667036	104675496	4	678	6920.28	1053.27	954	1
9_Myog_60hr_MT_peak_7260_lociStitched	chr11	99124848	99148119	9	2523	8005.224	2145.5862	955	1
3_Myog_60hr_MT_peak_28035_lociStitched	chr4	106868820	106879000	3	585	6805.33	946.74	956	1
4_Myog_60hr_MT_peak_9232_lociStitched	chr12	79859753	79865465	4	549	6524.8176	670.0176	957	1
3_Myog_60hr_MT_peak_9581_lociStitched	chr12	91766476	91779104	3	570	7131.0316	1280.4792	958	1
3_Myog_60hr_MT_peak_33989_lociStitched	chr6	127329317	127335848	3	546	6439.566	594.9741	959	1
7_Myog_60hr_MT_peak_13530_lociStitched	chr15	27937096	27960012	7	1559	8925.782	3086.7852	960	1
5_Myog_60hr_MT_peak_32055_lociStitched	chr5	143047674	143054208	5	923	6632.6634	801.0684	961	1
5_Myog_60hr_MT_peak_40347_lociStitched	chr9	49950421	49981106	5	1212	8643.9645	2813.8145	962	1
3_Myog_60hr_MT_peak_14888_lociStitched	chr15	83444591	83454167	3	717	7240.4136	1414.3752	963	1
6_Myog_60hr_MT_peak_26234_lociStitched	chr3	102095496	102112507	6	1493	7399.785	1580.3219	964	1
4_Myog_60hr_MT_peak_28799_lociStitched	chr4	134041627	134062243	4	1531	7564.0104	1748.2368	965	1
8_Myog_60hr_MT_peak_30267_lociStitched	chr5	35901524	35922321	8	1703	8171.1413	2356.3001	966	1
5_Myog_60hr_MT_peak_33456_lociStitched	chr6	97384967	97411616	5	1333	7981.3755	2171.8935	967	1
6_Myog_60hr_MT_peak_30271_lociStitched	chr5	35950623	35974190	6	1355	8048.1305	2238.865	968	1
8_Myog_60hr_MT_peak_40264_lociStitched	chr9	44479338	44509986	8	1886	8262.7008	2454.9048	969	1
3_Myog_60hr_MT_peak_34869_lociStitched	chr7	29457911	29471670	3	700	6824.464	1018.166	970	1
2_Myog_60hr_MT_peak_3748_lociStitched	chr10	69186010	69188175	2	529	6113.96	312.626	971	1
2_Myog_60hr_MT_peak_2616_lociStitched	chr1	184663629	184675965	2	532	7112.9376	1331.0544	972	1
14_Myog_60hr_MT_peak_19058_lociStitched	chr17	87343395	87378515	14	3591	9366.504	3585.752	973	1
7_Myog_60hr_MT_peak_17111_lociStitched	chr17	7181877	7213495	7	1738	9036.4244	3259.8158	974	1
3_Myog_60hr_MT_peak_40437_lociStitched	chr9	56502543	56508988	3	397	6358.637	595.518	975	1
8_Myog_60hr_MT_peak_18475_lociStitched	chr17	56016633	56034346	8	2732	7513.8546	1751.8157	976	1
13_Myog_60hr_MT_peak_7687_lociStitched	chr11	106332429	106366700	13	3982	8550.6145	2789.6594	977	1
5_Myog_60hr_MT_peak_2544_lociStitched	chr1	182489826	182506849	5	1222	7755.6788	2001.9048	978	1
5_Myog_60hr_MT_peak_10786_lociStitched	chr13	46611093	46629812	5	1850	7508.1909	1757.7141	979	1
5_Myog_60hr_MT_peak_27660_lociStitched	chr4	63590076	63597057	5	908	6377.8416	627.5919	980	1
4_Myog_60hr_MT_peak_3286_lociStitched	chr10	40069308	40084669	4	834	7721.9747	1973.8885	981	1
9_Myog_60hr_MT_peak_29083_lociStitched	chr4	137853837	137898777	9	2302	9262.134	3523.296	982	1
2_Myog_60hr_MT_peak_25062_lociStitched	chr3	14782403	14787455	2	570	6303.8856	568.35	983	1
7_Myog_60hr_MT_peak_38039_lociStitched	chr8	70460698	70468080	7	2075	6454.8208	720.4832	984	1
5_Myog_60hr_MT_peak_41578_lociStitched	chr9	110672568	110685897	5	947	6873.7653	1147.6269	985	1
5_Myog_60hr_MT_peak_33189_lociStitched	chr6	87868911	87882486	5	874	7162.17	1443.0225	986	1
6_Myog_60hr_MT_peak_15531_lociStitched	chr15	101320950	101336768	6	1222	7518.2954	1801.6702	987	1
4_Myog_60hr_MT_peak_11003_lociStitched	chr13	52818021	52829207	4	741	6975.5896	1260.6622	988	1
4_Myog_60hr_MT_peak_26879_lociStitched	chr3	152484291	152497360	4	787	6982.7667	1270.3068	989	1
4_Myog_60hr_MT_peak_1628_lociStitched	chr1	133217187	133237919	4	637	7896.8188	2189.2992	990	1
3_Myog_60hr_MT_peak_12027_lociStitched	chr14	20749997	20765809	3	710	7529.6744	1823.1236	991	1
2_Myog_60hr_MT_peak_10678_lociStitched	chr13	43262167	43269383	2	480	6522.5424	817.5728	992	1
4_Myog_60hr_MT_peak_27176_lociStitched	chr4	40773928	40786893	4	661	7111.3025	1409.2955	993	1
5_Myog_60hr_MT_peak_4407_lociStitched	chr10	84997900	85013756	5	963	7801.152	2115.1904	994	1
5_Myog_60hr_MT_peak_30099_lociStitched	chr5	31950620	31968587	5	1139	7752.7605	2073.3918	995	1
5_Myog_60hr_MT_peak_14881_lociStitched	chr15	83343243	83346409	5	929	6163.2522	486.6142	996	1
3_Myog_60hr_MT_peak_37114_lociStitched	chr7	142428357	142437676	3	1658	6446.8842	778.1365	997	1
5_Myog_60hr_MT_peak_3107_lociStitched	chr10	23526865	23542390	5	869	7479.945	1825.74	998	1
2_Myog_60hr_MT_peak_20850_lociStitched	chr19	12004690	12010639	2	418	6317.2431	663.9084	999	1
3_Myog_60hr_MT_peak_32980_lociStitched	chr6	72487408	72493206	3	709	6238.648	601.8324	1000	1
2_Myog_60hr_MT_peak_30553_lociStitched	chr5	64567857	64580086	2	471	7166.194	1538.4082	1001	1
3_Myog_60hr_MT_peak_2750_lociStitched	chr1	191216069	191225012	3	655	6487.2522	863.8938	1002	1
7_Myog_60hr_MT_peak_24744_lociStitched	chr2	167984403	168005339	7	1360	7319.2256	1704.1904	1003	1
2_Myog_60hr_MT_peak_9032_lociStitched	chr12	70615241	70616831	2	453	5794.914	182.214	1004	1
3_Myog_60hr_MT_peak_16528_lociStitched	chr16	45796771	45810487	3	1078	6877.2024	1272.8448	1005	1
4_Myog_60hr_MT_peak_11606_lociStitched	chr13	99177080	99194433	4	563	7130.3477	1528.7993	1006	1
2_Myog_60hr_MT_peak_31236_lociStitched	chr5	115490128	115492261	2	613	5870.6559	271.5309	1007	1
4_Myog_60hr_MT_peak_100_lociStitched	chr1	20620703	20635163	4	1472	7163.484	1577.586	1008	1
2_Myog_60hr_MT_peak_29777_lociStitched	chr4	155770335	155781315	2	1150	6664.86	1081.53	1009	1
6_Myog_60hr_MT_peak_23256_lociStitched	chr2	91942230	91959198	6	2559	7275.8784	1700.1936	1010	1
4_Myog_60hr_MT_peak_6105_lociStitched	chr11	63110430	63120365	4	1324	6844.2215	1273.667	1011	1
4_Myog_60hr_MT_peak_39786_lociStitched	chr8	127624859	127639363	4	696	6480.3872	916.6528	1012	1
3_Myog_60hr_MT_peak_19726_lociStitched	chr18	53264266	53268798	3	606	5968.644	414.2248	1013	1
4_Myog_60hr_MT_peak_28956_lociStitched	chr4	136110606	136120478	4	1340	6405.9408	855.9024	1014	1
2_Myog_60hr_MT_peak_29468_lociStitched	chr4	149475190	149488110	2	815	6702.896	1170.552	1015	1
