#TAP_Pax3_MB_peaks Enhancers
#Created from DYSE_OUT_1906232345_1/ROSE_OUTPUT/TAP_Pax3_MB_peaks/TAP_Pax3_MB_peaks_12KB_STITCHED_TSS_DISTAL_ENHANCER_REGION_MAP.txt
#Ranked by myobH3K27ac.bam
#Using cutoff of 129.1811 for Super-Enhancers
#Created on Jun 24 2019 
REGION_ID	CHROM	START	STOP	NUM_LOCI	CONSTITUENT_SIZE	myobH3K27ac.bam	Input_MB.bam	enhancerRank	isSuper
1_TAP_Pax3_MB_peak_768_lociStitched	chr4	64497847	64497993	1	147	29990.5024	21140.654	1	1
1_TAP_Pax3_MB_peak_1089_lociStitched	chr9	24541977	24542161	1	185	38260.0032	32446.6888	2	1
2_TAP_Pax3_MB_peak_1095_lociStitched	chr9	37232652	37236257	2	202	4293.1945	461.44	3	1
2_TAP_Pax3_MB_peak_445_lociStitched	chr16	18460056	18462239	2	224	2449.7626	279.2057	4	1
2_TAP_Pax3_MB_peak_1106_lociStitched	chr9	65196566	65201838	2	254	2240.6	526.1456	5	1
1_TAP_Pax3_MB_peak_812_lociStitched	chr4_GL456216_random	49121	49400	1	280	3176.7498	2246.8149	6	1
1_TAP_Pax3_MB_peak_258_lociStitched	chr12	67059182	67059821	1	640	12058.1217	11182.2444	7	1
2_TAP_Pax3_MB_peak_676_lociStitched	chr2	145737457	145749876	2	210	1998.2171	1530.0208	8	1
1_TAP_Pax3_MB_peak_703_lociStitched	chr3	56575444	56575789	1	346	3155.577	2739.6795	9	1
1_TAP_Pax3_MB_peak_894_lociStitched	chr6	54369999	54370091	1	93	319.9208	19.872	10	1
1_TAP_Pax3_MB_peak_259_lociStitched	chr12	71898449	71898547	1	99	318.255	21.0308	11	1
1_TAP_Pax3_MB_peak_220_lociStitched	chr11	116814646	116814737	1	92	287.8057	5.1324	12	1
1_TAP_Pax3_MB_peak_61_lociStitched	chr1	138515519	138515626	1	108	281.8915	18.0616	13	1
2_TAP_Pax3_MB_peak_825_lociStitched	chr5	36165893	36174669	2	216	1263.744	1016.2608	14	1
1_TAP_Pax3_MB_peak_593_lociStitched	chr19	47442117	47442217	1	101	228.43	20.56	15	1
1_TAP_Pax3_MB_peak_596_lociStitched	chr19	53800733	53800838	1	106	218.4735	23.1525	16	1
1_TAP_Pax3_MB_peak_482_lociStitched	chr16	91764946	91765065	1	120	178.4167	14.9107	17	1
1_TAP_Pax3_MB_peak_811_lociStitched	chr4	155114156	155114247	1	92	164.164	6.7704	18	1
1_TAP_Pax3_MB_peak_361_lociStitched	chr14	48246400	48246528	1	129	173.5808	34.2656	19	1
1_TAP_Pax3_MB_peak_1094_lociStitched	chr9	35372411	35372518	1	108	144.3965	15.2154	20	0
1_TAP_Pax3_MB_peak_191_lociStitched	chr11	51823584	51823700	1	117	138.8288	17.2376	21	0
1_TAP_Pax3_MB_peak_934_lociStitched	chr7	26779886	26780016	1	131	472.459	355.407	22	0
1_TAP_Pax3_MB_peak_397_lociStitched	chr14	121059330	121059424	1	95	136.3658	24.6374	23	0
1_TAP_Pax3_MB_peak_542_lociStitched	chr18	42975869	42976079	1	211	1211.931	1102.143	24	0
1_TAP_Pax3_MB_peak_29_lociStitched	chr1	53846619	53846744	1	126	126.1375	31.125	25	0
1_TAP_Pax3_MB_peak_443_lociStitched	chr16	10975034	10975205	1	172	1240.5708	1145.9223	26	0
1_TAP_Pax3_MB_peak_660_lociStitched	chr2	110192787	110192880	1	94	111.1722	16.74	27	0
1_TAP_Pax3_MB_peak_804_lociStitched	chr4	139218686	139218777	1	92	105.9422	12.8219	28	0
1_TAP_Pax3_MB_peak_399_lociStitched	chr14	121591372	121591485	1	114	103.2255	18.5885	29	0
1_TAP_Pax3_MB_peak_184_lociStitched	chr11	30268572	30268682	1	111	96.899	13.926	30	0
1_TAP_Pax3_MB_peak_898_lociStitched	chr6	60687175	60687325	1	151	617.97	541.35	31	0
1_TAP_Pax3_MB_peak_724_lociStitched	chr3	122364630	122364744	1	115	88.3842	23.7348	32	0
1_TAP_Pax3_MB_peak_377_lociStitched	chr14	76781207	76781336	1	130	81.6312	17.8536	33	0
1_TAP_Pax3_MB_peak_1099_lociStitched	chr9	43947747	43947850	1	104	63.8394	9.991	34	0
1_TAP_Pax3_MB_peak_789_lociStitched	chr4	89516197	89516289	1	93	69.8096	16.1552	35	0
1_TAP_Pax3_MB_peak_1112_lociStitched	chr9	75425077	75425201	1	125	68.5968	17.8808	36	0
1_TAP_Pax3_MB_peak_139_lociStitched	chr10	91158487	91158612	1	126	71.7875	27.9375	37	0
1_TAP_Pax3_MB_peak_46_lociStitched	chr1	78532534	78532641	1	108	59.8558	16.0714	38	0
1_TAP_Pax3_MB_peak_993_lociStitched	chr8	45724485	45724597	1	113	65.5648	28.5936	39	0
1_TAP_Pax3_MB_peak_487_lociStitched	chr17	5817276	5817384	1	109	57.1968	20.4444	40	0
1_TAP_Pax3_MB_peak_1009_lociStitched	chr8	72145704	72145798	1	95	45.8626	10.3588	41	0
1_TAP_Pax3_MB_peak_989_lociStitched	chr8	35567320	35567461	1	142	49.0539	14.2551	42	0
1_TAP_Pax3_MB_peak_398_lociStitched	chr14	121112208	121112337	1	130	47.1624	17.673	43	0
1_TAP_Pax3_MB_peak_797_lociStitched	chr4	113532743	113532838	1	96	54.625	25.365	44	0
1_TAP_Pax3_MB_peak_802_lociStitched	chr4	126707291	126707420	1	130	36.6489	7.5852	45	0
1_TAP_Pax3_MB_peak_555_lociStitched	chr18	57818937	57819050	1	114	50.4093	22.6904	46	0
1_TAP_Pax3_MB_peak_994_lociStitched	chr8	47948948	47949076	1	129	35.3664	8.3584	47	0
1_TAP_Pax3_MB_peak_391_lociStitched	chr14	116938376	116938480	1	105	39.9256	13.364	48	0
1_TAP_Pax3_MB_peak_435_lociStitched	chr15	80533448	80533573	1	126	47.1	23.45	49	0
1_TAP_Pax3_MB_peak_1122_lociStitched	chr9	106383394	106383504	1	111	29.436	6.028	50	0
1_TAP_Pax3_MB_peak_608_lociStitched	chr2	13370118	13370209	1	92	35.6811	12.4943	51	0
1_TAP_Pax3_MB_peak_423_lociStitched	chr15	53259271	53259382	1	112	44.4777	21.9114	52	0
1_TAP_Pax3_MB_peak_182_lociStitched	chr11	20896683	20896774	1	92	45.0723	22.8865	53	0
1_TAP_Pax3_MB_peak_376_lociStitched	chr14	76282062	76282204	1	143	30.317	8.7046	54	0
1_TAP_Pax3_MB_peak_150_lociStitched	chr10	107628279	107628401	1	123	40.8822	19.642	55	0
1_TAP_Pax3_MB_peak_447_lociStitched	chr16	23546125	23546229	1	105	33.28	12.3656	56	0
1_TAP_Pax3_MB_peak_411_lociStitched	chr15	13244551	13244667	1	117	37.9436	17.1216	57	0
1_TAP_Pax3_MB_peak_395_lociStitched	chr14	120355597	120355697	1	101	31.84	11.53	58	0
1_TAP_Pax3_MB_peak_729_lociStitched	chr3	131705924	131706080	1	157	43.1964	23.166	59	0
1_TAP_Pax3_MB_peak_290_lociStitched	chr13	34143443	34143543	1	101	34.04	14.58	60	0
3_TAP_Pax3_MB_peak_799_lociStitched	chr4	117189925	117210945	3	683	1839.25	1820.332	61	0
1_TAP_Pax3_MB_peak_372_lociStitched	chr14	68041204	68041335	1	132	31.0994	12.4712	62	0
1_TAP_Pax3_MB_peak_62_lociStitched	chr1	144307207	144307311	1	105	27.0608	9.4328	63	0
1_TAP_Pax3_MB_peak_162_lociStitched	chr10	122522811	122522953	1	143	42.7278	26.3978	64	0
1_TAP_Pax3_MB_peak_949_lociStitched	chr7	89626265	89626366	1	102	31.8958	15.6752	65	0
1_TAP_Pax3_MB_peak_100_lociStitched	chr10	12931602	12931744	1	143	33.9238	17.8068	66	0
1_TAP_Pax3_MB_peak_511_lociStitched	chr17	71774581	71774672	1	92	23.5508	7.6076	67	0
1_TAP_Pax3_MB_peak_253_lociStitched	chr12	54198440	54198534	1	95	34.4134	19.2794	68	0
1_TAP_Pax3_MB_peak_207_lociStitched	chr11	77885346	77885451	1	106	18.5745	3.5805	69	0
1_TAP_Pax3_MB_peak_97_lociStitched	chr10	3975510	3975606	1	97	33.7344	18.8736	70	0
1_TAP_Pax3_MB_peak_552_lociStitched	chr18	57267156	57267270	1	115	47.6178	33.4704	71	0
1_TAP_Pax3_MB_peak_687_lociStitched	chr2	166558152	166558296	1	145	21.8016	8.6976	72	0
1_TAP_Pax3_MB_peak_41_lociStitched	chr1	69375644	69375741	1	98	25.22	12.4451	73	0
1_TAP_Pax3_MB_peak_1019_lociStitched	chr8	87182954	87183093	1	140	39.5316	27.2023	74	0
1_TAP_Pax3_MB_peak_195_lociStitched	chr11	59655489	59655586	1	98	36.7533	24.4343	75	0
1_TAP_Pax3_MB_peak_557_lociStitched	chr18	60495605	60495717	1	113	20.552	8.5456	76	0
1_TAP_Pax3_MB_peak_850_lociStitched	chr5	92492961	92493102	1	142	32.571	20.7693	77	0
1_TAP_Pax3_MB_peak_453_lociStitched	chr16	32937202	32937316	1	115	22.0818	11.4114	78	0
1_TAP_Pax3_MB_peak_430_lociStitched	chr15	63227055	63227153	1	99	14.308	3.724	79	0
1_TAP_Pax3_MB_peak_1022_lociStitched	chr8	91632567	91632658	1	92	19.5104	9.0545	80	0
1_TAP_Pax3_MB_peak_890_lociStitched	chr6	43478940	43479033	1	94	28.3278	17.9025	81	0
1_TAP_Pax3_MB_peak_720_lociStitched	chr3	109369193	109369284	1	92	23.751	13.5681	82	0
1_TAP_Pax3_MB_peak_210_lociStitched	chr11	83817197	83817288	1	92	16.0615	5.9059	83	0
1_TAP_Pax3_MB_peak_858_lociStitched	chr5	103750001	103750109	1	109	15.8868	6.0696	84	0
1_TAP_Pax3_MB_peak_875_lociStitched	chr5	140753504	140753623	1	120	24.1689	15.232	85	0
1_TAP_Pax3_MB_peak_1016_lociStitched	chr8	83676378	83676485	1	108	21.5177	12.7865	86	0
1_TAP_Pax3_MB_peak_938_lociStitched	chr7	51754453	51754559	1	107	22.419	14.098	87	0
1_TAP_Pax3_MB_peak_907_lociStitched	chr6	86570353	86570464	1	112	14.8407	7.0485	88	0
1_TAP_Pax3_MB_peak_274_lociStitched	chr12	102727040	102727141	1	102	17.9578	10.6959	89	0
1_TAP_Pax3_MB_peak_640_lociStitched	chr2	73572741	73572858	1	118	25.9857	18.8604	90	0
1_TAP_Pax3_MB_peak_803_lociStitched	chr4	133431644	133431750	1	107	19.6842	12.773	91	0
1_TAP_Pax3_MB_peak_201_lociStitched	chr11	67008138	67008247	1	110	11.5322	4.8941	92	0
1_TAP_Pax3_MB_peak_155_lociStitched	chr10	116411072	116411187	1	116	24.5755	18.009	93	0
1_TAP_Pax3_MB_peak_519_lociStitched	chr17	86414786	86414919	1	134	15.9201	9.6292	94	0
1_TAP_Pax3_MB_peak_181_lociStitched	chr11	20712445	20712551	1	107	6.2222	0	95	0
1_TAP_Pax3_MB_peak_965_lociStitched	chr7	127659306	127659414	1	109	13.3704	7.3764	96	0
1_TAP_Pax3_MB_peak_371_lociStitched	chr14	67917503	67917646	1	144	35.2352	29.5867	97	0
1_TAP_Pax3_MB_peak_718_lociStitched	chr3	101423350	101423475	1	126	26.1875	20.925	98	0
1_TAP_Pax3_MB_peak_648_lociStitched	chr2	91411490	91411589	1	100	17.9586	13.1472	99	0
1_TAP_Pax3_MB_peak_427_lociStitched	chr15	59503822	59503913	1	92	20.3567	15.6065	100	0
1_TAP_Pax3_MB_peak_933_lociStitched	chr7	16500111	16500219	1	109	10.2384	5.6268	101	0
1_TAP_Pax3_MB_peak_702_lociStitched	chr3	55775427	55775545	1	119	9.3338	5.0032	102	0
1_TAP_Pax3_MB_peak_603_lociStitched	chr2	3236598	3236707	1	110	14.7913	10.5076	103	0
1_TAP_Pax3_MB_peak_573_lociStitched	chr19	7083456	7083560	1	105	10.8888	6.7288	104	0
1_TAP_Pax3_MB_peak_602_lociStitched	chr2	3184641	3184752	1	112	15.2403	11.5218	105	0
1_TAP_Pax3_MB_peak_70_lociStitched	chr1	162792785	162792903	1	119	27.6828	24.5086	106	0
1_TAP_Pax3_MB_peak_89_lociStitched	chr1	189873268	189873359	1	92	10.8017	7.7896	107	0
1_TAP_Pax3_MB_peak_943_lociStitched	chr7	74372099	74372219	1	121	13.116	10.176	108	0
1_TAP_Pax3_MB_peak_265_lociStitched	chr12	82166554	82166653	1	100	11.5038	8.7912	109	0
1_TAP_Pax3_MB_peak_514_lociStitched	chr17	78326140	78326257	1	118	16.7076	14.0751	110	0
1_TAP_Pax3_MB_peak_273_lociStitched	chr12	102183406	102183514	1	109	11.0592	8.5104	111	0
1_TAP_Pax3_MB_peak_855_lociStitched	chr5	97178269	97178378	1	110	12.2952	9.7882	112	0
1_TAP_Pax3_MB_peak_672_lociStitched	chr2	142608909	142609010	1	102	9.2718	6.8377	113	0
1_TAP_Pax3_MB_peak_696_lociStitched	chr3	27958540	27958643	1	104	11.4536	9.0434	114	0
1_TAP_Pax3_MB_peak_229_lociStitched	chr12	13077869	13077970	1	102	8.484	6.262	115	0
1_TAP_Pax3_MB_peak_349_lociStitched	chr14	27069537	27069690	1	154	39.3057	37.2708	116	0
1_TAP_Pax3_MB_peak_670_lociStitched	chr2	140100820	140100926	1	107	16.6844	14.681	117	0
1_TAP_Pax3_MB_peak_520_lociStitched	chr17	88095573	88095682	1	110	17.1021	15.151	118	0
1_TAP_Pax3_MB_peak_228_lociStitched	chr12	13056407	13056498	1	92	6.7613	4.8412	119	0
1_TAP_Pax3_MB_peak_866_lociStitched	chr5	114993566	114993723	1	158	15.857	14.2713	120	0
1_TAP_Pax3_MB_peak_538_lociStitched	chr18	35312875	35312994	1	120	16.0888	14.756	121	0
1_TAP_Pax3_MB_peak_1026_lociStitched	chr8	107198103	107198211	1	109	23.9436	22.8528	122	0
1_TAP_Pax3_MB_peak_320_lociStitched	chr13	112164358	112164464	1	107	6.784	5.7452	123	0
1_TAP_Pax3_MB_peak_760_lociStitched	chr4	33638370	33638497	1	128	7.6073	6.5913	124	0
1_TAP_Pax3_MB_peak_135_lociStitched	chr10	76721423	76721514	1	92	14.7056	13.7046	125	0
1_TAP_Pax3_MB_peak_84_lociStitched	chr1	184171216	184171324	1	109	14.8392	13.8564	126	0
1_TAP_Pax3_MB_peak_686_lociStitched	chr2	166400353	166400444	1	92	12.3305	11.3568	127	0
1_TAP_Pax3_MB_peak_309_lociStitched	chr13	94490840	94490936	1	97	6.8736	5.9328	128	0
1_TAP_Pax3_MB_peak_912_lociStitched	chr6	94815071	94815237	1	167	15.272	14.3756	129	0
1_TAP_Pax3_MB_peak_705_lociStitched	chr3	59288970	59289077	1	108	16.1142	15.2582	130	0
1_TAP_Pax3_MB_peak_126_lociStitched	chr10	62418941	62419083	1	143	22.0242	21.1722	131	0
1_TAP_Pax3_MB_peak_311_lociStitched	chr13	103753001	103753096	1	96	5.32	4.5315	132	0
1_TAP_Pax3_MB_peak_728_lociStitched	chr3	130814286	130814377	1	92	13.0039	12.2395	133	0
1_TAP_Pax3_MB_peak_742_lociStitched	chr3	149313875	149313987	1	113	6.272	5.544	134	0
1_TAP_Pax3_MB_peak_414_lociStitched	chr15	32278774	32278918	1	145	31.8096	31.176	135	0
1_TAP_Pax3_MB_peak_221_lociStitched	chr11	117094954	117095048	1	95	10.0392	9.5598	136	0
1_TAP_Pax3_MB_peak_125_lociStitched	chr10	59995983	59996082	1	100	7.6329	7.2171	137	0
1_TAP_Pax3_MB_peak_510_lociStitched	chr17	71049623	71049733	1	111	10.857	10.505	138	0
2_TAP_Pax3_MB_peak_226_lociStitched	chr12	10399914	10400320	2	281	24.157	23.9946	139	0
1_TAP_Pax3_MB_peak_987_lociStitched	chr8	35295526	35295617	1	92	0	7.3619	140	0
1_TAP_Pax3_MB_peak_715_lociStitched	chr3	99865723	99865814	1	92	0.2821	7.9807	141	0
1_TAP_Pax3_MB_peak_9_lociStitched	chr1	24517554	24517645	1	92	0	5.6238	142	0
1_TAP_Pax3_MB_peak_1086_lociStitched	chr9	15819512	15819603	1	92	0	4.5409	143	0
1_TAP_Pax3_MB_peak_992_lociStitched	chr8	45529005	45529096	1	92	6.4792	29.4385	144	0
1_TAP_Pax3_MB_peak_194_lociStitched	chr11	57249704	57249795	1	92	6.9524	15.7521	145	0
1_TAP_Pax3_MB_peak_651_lociStitched	chr2	97140842	97140933	1	92	0	13.5135	146	0
1_TAP_Pax3_MB_peak_948_lociStitched	chr7	89551043	89551134	1	92	0	10.9382	147	0
1_TAP_Pax3_MB_peak_761_lociStitched	chr4	35689072	35689163	1	92	0	3.8948	148	0
1_TAP_Pax3_MB_peak_991_lociStitched	chr8	44093312	44093403	1	92	0	16.2526	149	0
1_TAP_Pax3_MB_peak_1020_lociStitched	chr8	89299839	89299930	1	92	1.3559	9.9645	150	0
1_TAP_Pax3_MB_peak_472_lociStitched	chr16	62507892	62507983	1	92	0	6.7158	151	0
1_TAP_Pax3_MB_peak_1021_lociStitched	chr8	91509698	91509789	1	92	1.8655	5.9878	152	0
1_TAP_Pax3_MB_peak_48_lociStitched	chr1	79213419	79213510	1	92	0	12.558	153	0
1_TAP_Pax3_MB_peak_261_lociStitched	chr12	74790762	74790853	1	92	0	9.5823	154	0
1_TAP_Pax3_MB_peak_668_lociStitched	chr2	135914343	135914434	1	92	6.188	6.2699	155	0
1_TAP_Pax3_MB_peak_883_lociStitched	chr6	34018222	34018313	1	92	0	7.7077	156	0
1_TAP_Pax3_MB_peak_401_lociStitched	chr14	122278738	122278829	1	92	0	5.0778	157	0
1_TAP_Pax3_MB_peak_143_lociStitched	chr10	98629447	98629538	1	92	0.7917	6.7249	158	0
1_TAP_Pax3_MB_peak_680_lociStitched	chr2	152536511	152536602	1	92	1.6653	10.7016	159	0
1_TAP_Pax3_MB_peak_244_lociStitched	chr12	40096573	40096664	1	92	0	6.3882	160	0
1_TAP_Pax3_MB_peak_1100_lociStitched	chr9	49814331	49814422	1	92	13.2314	20.0109	161	0
1_TAP_Pax3_MB_peak_824_lociStitched	chr5	32606010	32606101	1	92	0	10.9837	162	0
1_TAP_Pax3_MB_peak_794_lociStitched	chr4	99530545	99530636	1	92	0	11.0201	163	0
1_TAP_Pax3_MB_peak_463_lociStitched	chr16	48078640	48078731	1	92	0	3.1941	164	0
1_TAP_Pax3_MB_peak_957_lociStitched	chr7	95231496	95231587	1	92	0	5.1506	165	0
1_TAP_Pax3_MB_peak_123_lociStitched	chr10	56598264	56598355	1	92	5.0869	16.1798	166	0
1_TAP_Pax3_MB_peak_225_lociStitched	chr12	5551859	5551950	1	92	0	0.4004	167	0
1_TAP_Pax3_MB_peak_698_lociStitched	chr3	50338544	50338635	1	92	0	11.1293	168	0
1_TAP_Pax3_MB_peak_415_lociStitched	chr15	32520940	32521031	1	92	0	8.0626	169	0
1_TAP_Pax3_MB_peak_884_lociStitched	chr6	34154432	34154523	1	92	0	4.7138	170	0
1_TAP_Pax3_MB_peak_903_lociStitched	chr6	80619606	80619697	1	92	0	9.009	171	0
1_TAP_Pax3_MB_peak_927_lociStitched	chr6	146214631	146214722	1	92	0	9.9827	172	0
1_TAP_Pax3_MB_peak_633_lociStitched	chr2	65040093	65040184	1	92	5.1415	12.9493	173	0
1_TAP_Pax3_MB_peak_444_lociStitched	chr16	13644712	13644803	1	92	0	10.7198	174	0
1_TAP_Pax3_MB_peak_537_lociStitched	chr18	34781893	34781984	1	92	0	14.5327	175	0
1_TAP_Pax3_MB_peak_128_lociStitched	chr10	64361155	64361246	1	92	0	4.4317	176	0
1_TAP_Pax3_MB_peak_999_lociStitched	chr8	49822953	49823044	1	92	0	20.4568	177	0
1_TAP_Pax3_MB_peak_190_lociStitched	chr11	45843873	45843964	1	92	0	9.8371	178	0
1_TAP_Pax3_MB_peak_450_lociStitched	chr16	26097730	26097821	1	92	4.2952	4.5318	179	0
1_TAP_Pax3_MB_peak_517_lociStitched	chr17	82900634	82900725	1	92	8.2264	9.9827	180	0
1_TAP_Pax3_MB_peak_494_lociStitched	chr17	13654680	13654771	1	92	184.8301	192.0282	181	0
1_TAP_Pax3_MB_peak_562_lociStitched	chr18	72072822	72072913	1	92	0	5.4873	182	0
1_TAP_Pax3_MB_peak_362_lociStitched	chr14	49134194	49134285	1	92	0	6.1698	183	0
1_TAP_Pax3_MB_peak_744_lociStitched	chr3	158081088	158081179	1	92	0	4.4681	184	0
1_TAP_Pax3_MB_peak_727_lociStitched	chr3	130036323	130036414	1	92	1.0738	14.4417	185	0
1_TAP_Pax3_MB_peak_971_lociStitched	chr8	6551136	6551227	1	92	0	8.5631	186	0
1_TAP_Pax3_MB_peak_234_lociStitched	chr12	17397329	17397420	1	92	0	7.9443	187	0
1_TAP_Pax3_MB_peak_622_lociStitched	chr2	44299850	44299941	1	92	0	10.3922	188	0
1_TAP_Pax3_MB_peak_465_lociStitched	chr16	50286151	50286242	1	92	0	7.5621	189	0
1_TAP_Pax3_MB_peak_213_lociStitched	chr11	87810448	87810539	1	92	0	7.4256	190	0
1_TAP_Pax3_MB_peak_50_lociStitched	chr1	81925690	81925781	1	92	0	18.7096	191	0
1_TAP_Pax3_MB_peak_236_lociStitched	chr12	25793932	25794023	1	92	2.093	9.5095	192	0
1_TAP_Pax3_MB_peak_486_lociStitched	chr17	4673352	4673443	1	92	0	1.8291	193	0
1_TAP_Pax3_MB_peak_1119_lociStitched	chr9	95825403	95825494	1	92	0.9009	11.9665	194	0
1_TAP_Pax3_MB_peak_469_lociStitched	chr16	51878385	51878476	1	92	0	7.8533	195	0
1_TAP_Pax3_MB_peak_280_lociStitched	chr13	5592552	5592643	1	92	0	14.5418	196	0
1_TAP_Pax3_MB_peak_1101_lociStitched	chr9	52768210	52768301	1	92	8.1991	17.0443	197	0
1_TAP_Pax3_MB_peak_1111_lociStitched	chr9	75179446	75179537	1	92	0	17.0989	198	0
1_TAP_Pax3_MB_peak_212_lociStitched	chr11	87705012	87705103	1	92	7.6349	14.651	199	0
1_TAP_Pax3_MB_peak_404_lociStitched	chr15	3463542	3463633	1	92	0	23.4234	200	0
1_TAP_Pax3_MB_peak_666_lociStitched	chr2	122682656	122682747	1	92	0	10.7289	201	0
1_TAP_Pax3_MB_peak_970_lociStitched	chr8	4068554	4068645	1	92	6.4155	14.6874	202	0
1_TAP_Pax3_MB_peak_470_lociStitched	chr16	53263893	53263984	1	92	0	3.3215	203	0
1_TAP_Pax3_MB_peak_839_lociStitched	chr5	63609224	63609315	1	92	0	6.1698	204	0
1_TAP_Pax3_MB_peak_407_lociStitched	chr15	7538015	7538106	1	92	5.369	12.3396	205	0
1_TAP_Pax3_MB_peak_426_lociStitched	chr15	56617320	56617411	1	92	1.8928	28.0371	206	0
1_TAP_Pax3_MB_peak_134_lociStitched	chr10	75337029	75337120	1	92	3.2487	11.9301	207	0
1_TAP_Pax3_MB_peak_329_lociStitched	chr13	119609665	119609756	1	92	42.6335	82.264	208	0
1_TAP_Pax3_MB_peak_287_lociStitched	chr13	24657214	24657305	1	92	7.2709	12.0939	209	0
1_TAP_Pax3_MB_peak_111_lociStitched	chr10	27902260	27902351	1	92	0	12.2031	210	0
1_TAP_Pax3_MB_peak_642_lociStitched	chr2	78004516	78004607	1	92	2.2022	6.5065	211	0
1_TAP_Pax3_MB_peak_363_lociStitched	chr14	49226016	49226107	1	92	0.2275	8.3902	212	0
1_TAP_Pax3_MB_peak_489_lociStitched	chr17	9221471	9221562	1	92	0	7.0343	213	0
1_TAP_Pax3_MB_peak_187_lociStitched	chr11	41988276	41988367	1	92	0	4.2861	214	0
1_TAP_Pax3_MB_peak_106_lociStitched	chr10	20459798	20459889	1	92	45.9186	210.1918	215	0
1_TAP_Pax3_MB_peak_473_lociStitched	chr16	65160449	65160540	1	92	0	5.2962	216	0
1_TAP_Pax3_MB_peak_641_lociStitched	chr2	75748608	75748699	1	92	2.2022	70.1701	217	0
1_TAP_Pax3_MB_peak_795_lociStitched	chr4	105945336	105945427	1	92	0	5.1961	218	0
1_TAP_Pax3_MB_peak_709_lociStitched	chr3	69481644	69481735	1	92	11.7663	12.4761	219	0
1_TAP_Pax3_MB_peak_691_lociStitched	chr3	5539497	5539588	1	92	0	7.1799	220	0
1_TAP_Pax3_MB_peak_235_lociStitched	chr12	22118612	22118703	1	92	7.6349	10.1829	221	0
1_TAP_Pax3_MB_peak_636_lociStitched	chr2	70444241	70444332	1	92	7.6349	8.4448	222	0
1_TAP_Pax3_MB_peak_567_lociStitched	chr18	74462401	74462492	1	92	0.0546	9.9554	223	0
1_TAP_Pax3_MB_peak_109_lociStitched	chr10	23312573	23312664	1	92	0	16.7895	224	0
1_TAP_Pax3_MB_peak_240_lociStitched	chr12	38985899	38985990	1	92	0	10.9746	225	0
1_TAP_Pax3_MB_peak_477_lociStitched	chr16	75794251	75794342	1	92	7.3801	9.5368	226	0
1_TAP_Pax3_MB_peak_146_lociStitched	chr10	105711760	105711851	1	92	0	11.5752	227	0
1_TAP_Pax3_MB_peak_1344_lociStitched	chrX	77361649	77361740	1	92	0	5.3144	228	0
1_TAP_Pax3_MB_peak_1120_lociStitched	chr9	96853129	96853220	1	92	26.1807	285.6308	229	0
1_TAP_Pax3_MB_peak_1102_lociStitched	chr9	60370039	60370130	1	92	3.276	6.7249	230	0
1_TAP_Pax3_MB_peak_133_lociStitched	chr10	74079883	74079974	1	92	0	11.2294	231	0
1_TAP_Pax3_MB_peak_615_lociStitched	chr2	22680043	22680134	1	92	0	12.7673	232	0
1_TAP_Pax3_MB_peak_566_lociStitched	chr18	74010715	74010806	1	92	0	5.2689	233	0
1_TAP_Pax3_MB_peak_560_lociStitched	chr18	69704782	69704873	1	92	0	12.8492	234	0
1_TAP_Pax3_MB_peak_856_lociStitched	chr5	97958986	97959077	1	92	0.1729	6.8341	235	0
1_TAP_Pax3_MB_peak_243_lociStitched	chr12	39939142	39939233	1	92	0	7.9898	236	0
1_TAP_Pax3_MB_peak_762_lociStitched	chr4	46367813	46367904	1	92	7.6349	13.0767	237	0
1_TAP_Pax3_MB_peak_836_lociStitched	chr5	53519332	53519423	1	92	5.0323	9.4731	238	0
1_TAP_Pax3_MB_peak_823_lociStitched	chr5	30525472	30525563	1	92	0	4.5955	239	0
1_TAP_Pax3_MB_peak_32_lociStitched	chr1	57675801	57675892	1	92	0	8.9635	240	0
1_TAP_Pax3_MB_peak_578_lociStitched	chr19	15837207	15837298	1	92	6.6976	9.5732	241	0
1_TAP_Pax3_MB_peak_164_lociStitched	chr10	123670538	123670629	1	92	0	10.6743	242	0
1_TAP_Pax3_MB_peak_544_lociStitched	chr18	46855177	46855268	1	92	0	10.5924	243	0
1_TAP_Pax3_MB_peak_1351_lociStitched	chrX	128295934	128296025	1	92	0	7.2345	244	0
1_TAP_Pax3_MB_peak_1001_lociStitched	chr8	56233978	56234069	1	92	0	11.0929	245	0
1_TAP_Pax3_MB_peak_130_lociStitched	chr10	68008320	68008411	1	92	0	18.8279	246	0
1_TAP_Pax3_MB_peak_951_lociStitched	chr7	90201075	90201166	1	92	0	8.5904	247	0
1_TAP_Pax3_MB_peak_104_lociStitched	chr10	16137176	16137267	1	92	22.3678	28.574	248	0
1_TAP_Pax3_MB_peak_358_lociStitched	chr14	44581826	44581918	1	93	0	10.1752	249	0
1_TAP_Pax3_MB_peak_283_lociStitched	chr13	15368095	15368187	1	93	17.756	163.2264	250	0
1_TAP_Pax3_MB_peak_788_lociStitched	chr4	89149293	89149385	1	93	19.8444	20.2308	251	0
1_TAP_Pax3_MB_peak_956_lociStitched	chr7	94744317	94744409	1	93	0	3.6892	252	0
1_TAP_Pax3_MB_peak_383_lociStitched	chr14	101806844	101806936	1	93	0	8.97	253	0
1_TAP_Pax3_MB_peak_183_lociStitched	chr11	30089976	30090068	1	93	0	9.384	254	0
1_TAP_Pax3_MB_peak_685_lociStitched	chr2	164077227	164077319	1	93	0	12.0152	255	0
1_TAP_Pax3_MB_peak_886_lociStitched	chr6	36378107	36378199	1	93	0	6.026	256	0
1_TAP_Pax3_MB_peak_343_lociStitched	chr14	19725530	19725622	1	93	1.6928	6.5504	257	0
1_TAP_Pax3_MB_peak_935_lociStitched	chr7	34958141	34958233	1	93	22.31	276.7176	258	0
1_TAP_Pax3_MB_peak_539_lociStitched	chr18	40308064	40308156	1	93	90.5372	499.7072	259	0
1_TAP_Pax3_MB_peak_915_lociStitched	chr6	99179834	99179926	1	93	0	8.9148	260	0
1_TAP_Pax3_MB_peak_1097_lociStitched	chr9	41260281	41260373	1	93	0	8.4916	261	0
1_TAP_Pax3_MB_peak_365_lociStitched	chr14	57349321	57349413	1	93	0	10.2396	262	0
1_TAP_Pax3_MB_peak_314_lociStitched	chr13	106551847	106551939	1	93	0	4.048	263	0
1_TAP_Pax3_MB_peak_1_lociStitched	chr1	4812948	4813040	1	93	0	11.6196	264	0
1_TAP_Pax3_MB_peak_599_lociStitched	chr19	59385983	59386075	1	93	0	9.4116	265	0
1_TAP_Pax3_MB_peak_515_lociStitched	chr17	82199359	82199451	1	93	0	8.2984	266	0
1_TAP_Pax3_MB_peak_905_lociStitched	chr6	82852055	82852147	1	93	3.7904	13.4596	267	0
1_TAP_Pax3_MB_peak_165_lociStitched	chr10	127730710	127730802	1	93	3.7628	5.6856	268	0
1_TAP_Pax3_MB_peak_1012_lociStitched	chr8	73243645	73243737	1	93	4.1584	13.9012	269	0
1_TAP_Pax3_MB_peak_490_lociStitched	chr17	9288683	9288775	1	93	7.8844	9.476	270	0
1_TAP_Pax3_MB_peak_1084_lociStitched	chr9	15071871	15071963	1	93	0.8464	5.2808	271	0
1_TAP_Pax3_MB_peak_23_lociStitched	chr1	40625099	40625192	1	94	0	6.1566	272	0
1_TAP_Pax3_MB_peak_1005_lociStitched	chr8	60786635	60786728	1	94	0	10.8438	273	0
1_TAP_Pax3_MB_peak_480_lociStitched	chr16	88516418	88516511	1	94	0	9.1605	274	0
1_TAP_Pax3_MB_peak_913_lociStitched	chr6	94842955	94843048	1	94	5.1987	8.8815	275	0
1_TAP_Pax3_MB_peak_872_lociStitched	chr5	131797274	131797367	1	94	0	6.2496	276	0
1_TAP_Pax3_MB_peak_918_lociStitched	chr6	107711330	107711423	1	94	0	5.0778	277	0
1_TAP_Pax3_MB_peak_534_lociStitched	chr18	31422298	31422391	1	94	0	9.1698	278	0
1_TAP_Pax3_MB_peak_117_lociStitched	chr10	39049481	39049574	1	94	0	15.5589	279	0
1_TAP_Pax3_MB_peak_81_lociStitched	chr1	181916276	181916369	1	94	3.4503	12.5085	280	0
1_TAP_Pax3_MB_peak_1108_lociStitched	chr9	66820598	66820691	1	94	6.2217	9.7929	281	0
1_TAP_Pax3_MB_peak_743_lociStitched	chr3	151901394	151901487	1	94	0	11.8854	282	0
1_TAP_Pax3_MB_peak_997_lociStitched	chr8	48606379	48606472	1	94	0	7.4958	283	0
1_TAP_Pax3_MB_peak_369_lociStitched	chr14	66237590	66237683	1	94	5.7381	9.2349	284	0
1_TAP_Pax3_MB_peak_765_lociStitched	chr4	55386941	55387034	1	94	0	8.2863	285	0
1_TAP_Pax3_MB_peak_1356_lociStitched	chrX	159019083	159019176	1	94	4.9197	5.859	286	0
1_TAP_Pax3_MB_peak_1087_lociStitched	chr9	24293489	24293583	1	95	3.5062	7.1534	287	0
1_TAP_Pax3_MB_peak_624_lociStitched	chr2	47163230	47163324	1	95	0	6.016	288	0
1_TAP_Pax3_MB_peak_237_lociStitched	chr12	26338099	26338193	1	95	0	9.306	289	0
1_TAP_Pax3_MB_peak_746_lociStitched	chr3	158189099	158189193	1	95	0	8.4224	290	0
1_TAP_Pax3_MB_peak_524_lociStitched	chr18	3005889	3005983	1	95	179.7092	543.5174	291	0
1_TAP_Pax3_MB_peak_247_lociStitched	chr12	46756236	46756330	1	95	0	7.3132	292	0
1_TAP_Pax3_MB_peak_637_lociStitched	chr2	70911298	70911392	1	95	0	19.5238	293	0
1_TAP_Pax3_MB_peak_88_lociStitched	chr1	188076256	188076350	1	95	0	4.7376	294	0
1_TAP_Pax3_MB_peak_998_lociStitched	chr8	48741455	48741549	1	95	1.3536	9.9264	295	0
1_TAP_Pax3_MB_peak_163_lociStitched	chr10	123460648	123460742	1	95	0	9.4188	296	0
1_TAP_Pax3_MB_peak_335_lociStitched	chr14	18573336	18573430	1	95	0	20.8868	297	0
1_TAP_Pax3_MB_peak_990_lociStitched	chr8	43479023	43479117	1	95	0	7.3226	298	0
1_TAP_Pax3_MB_peak_71_lociStitched	chr1	163391469	163391563	1	95	4.4932	12.6242	299	0
1_TAP_Pax3_MB_peak_297_lociStitched	chr13	40166316	40166411	1	96	0	4.5505	300	0
1_TAP_Pax3_MB_peak_321_lociStitched	chr13	112351115	112351210	1	96	9.614	13.7845	301	0
1_TAP_Pax3_MB_peak_529_lociStitched	chr18	11727719	11727814	1	96	3.306	10.8775	302	0
1_TAP_Pax3_MB_peak_405_lociStitched	chr15	4367964	4368059	1	96	0	5.6715	303	0
1_TAP_Pax3_MB_peak_257_lociStitched	chr12	66734810	66734905	1	96	0	6.1275	304	0
1_TAP_Pax3_MB_peak_148_lociStitched	chr10	107543203	107543298	1	96	8.455	12.616	305	0
1_TAP_Pax3_MB_peak_178_lociStitched	chr11	12583258	12583353	1	96	0	7.467	306	0
1_TAP_Pax3_MB_peak_881_lociStitched	chr6	22825660	22825755	1	96	0	2.679	307	0
1_TAP_Pax3_MB_peak_885_lociStitched	chr6	34565214	34565309	1	96	1.7575	14.06	308	0
1_TAP_Pax3_MB_peak_547_lociStitched	chr18	54941183	54941278	1	96	1.976	7.619	309	0
1_TAP_Pax3_MB_peak_848_lociStitched	chr5	91696047	91696143	1	97	0	7.4688	310	0
1_TAP_Pax3_MB_peak_152_lociStitched	chr10	109694862	109694958	1	97	5.376	9.36	311	0
1_TAP_Pax3_MB_peak_631_lociStitched	chr2	57882427	57882523	1	97	0	4.0608	312	0
1_TAP_Pax3_MB_peak_694_lociStitched	chr3	20018610	20018706	1	97	5.424	9.936	313	0
1_TAP_Pax3_MB_peak_583_lociStitched	chr19	23396094	23396190	1	97	0	10.1472	314	0
1_TAP_Pax3_MB_peak_574_lociStitched	chr19	9896554	9896650	1	97	9.1872	20.5152	315	0
1_TAP_Pax3_MB_peak_954_lociStitched	chr7	92053446	92053542	1	97	0	6.6912	316	0
1_TAP_Pax3_MB_peak_499_lociStitched	chr17	44398089	44398185	1	97	0.336	15.0144	317	0
1_TAP_Pax3_MB_peak_1104_lociStitched	chr9	61722490	61722586	1	97	27.9936	254.8224	318	0
1_TAP_Pax3_MB_peak_545_lociStitched	chr18	46897508	46897604	1	97	0	12.0192	319	0
1_TAP_Pax3_MB_peak_409_lociStitched	chr15	10893614	10893710	1	97	0	12.528	320	0
1_TAP_Pax3_MB_peak_328_lociStitched	chr13	118313835	118313931	1	97	0	6.0768	321	0
1_TAP_Pax3_MB_peak_1357_lociStitched	chrX	162086163	162086259	1	97	0	8.5152	322	0
1_TAP_Pax3_MB_peak_662_lociStitched	chr2	117095650	117095746	1	97	3.6768	19.0848	323	0
1_TAP_Pax3_MB_peak_531_lociStitched	chr18	12495886	12495982	1	97	1.5264	19.0752	324	0
1_TAP_Pax3_MB_peak_871_lociStitched	chr5	131733485	131733581	1	97	2.208	8.8224	325	0
1_TAP_Pax3_MB_peak_882_lociStitched	chr6	25442203	25442300	1	98	0	8.148	326	0
1_TAP_Pax3_MB_peak_428_lociStitched	chr15	61121415	61121512	1	98	4.9179	13.5412	327	0
1_TAP_Pax3_MB_peak_549_lociStitched	chr18	55533499	55533596	1	98	0	6.8191	328	0
1_TAP_Pax3_MB_peak_196_lociStitched	chr11	61658951	61659048	1	98	6.305	22.9696	329	0
1_TAP_Pax3_MB_peak_233_lociStitched	chr12	16910552	16910649	1	98	0.1649	6.596	330	0
1_TAP_Pax3_MB_peak_677_lociStitched	chr2	148293376	148293473	1	98	16.9653	26.5683	331	0
1_TAP_Pax3_MB_peak_198_lociStitched	chr11	65240685	65240782	1	98	0	13.3957	332	0
1_TAP_Pax3_MB_peak_442_lociStitched	chr16	9819678	9819775	1	98	0	11.8534	333	0
1_TAP_Pax3_MB_peak_458_lociStitched	chr16	43122938	43123035	1	98	0	7.1683	334	0
1_TAP_Pax3_MB_peak_906_lociStitched	chr6	86284524	86284621	1	98	1.5811	10.9707	335	0
1_TAP_Pax3_MB_peak_975_lociStitched	chr8	14504104	14504201	1	98	1.4162	15.8498	336	0
1_TAP_Pax3_MB_peak_835_lociStitched	chr5	52039490	52039587	1	98	0	6.0916	337	0
1_TAP_Pax3_MB_peak_188_lociStitched	chr11	42608748	42608845	1	98	0	12.7749	338	0
1_TAP_Pax3_MB_peak_683_lociStitched	chr2	162877416	162877513	1	98	0	7.3623	339	0
1_TAP_Pax3_MB_peak_205_lociStitched	chr11	76879799	76879897	1	99	10.2116	12.6714	340	0
1_TAP_Pax3_MB_peak_153_lociStitched	chr10	110057375	110057473	1	99	0	11.6816	341	0
1_TAP_Pax3_MB_peak_646_lociStitched	chr2	84721447	84721545	1	99	7.7224	8.3888	342	0
1_TAP_Pax3_MB_peak_734_lociStitched	chr3	141502235	141502333	1	99	0	11.5248	343	0
1_TAP_Pax3_MB_peak_389_lociStitched	chr14	109676178	109676276	1	99	18.718	263.2476	344	0
1_TAP_Pax3_MB_peak_284_lociStitched	chr13	17952356	17952454	1	99	0	12.6126	345	0
1_TAP_Pax3_MB_peak_911_lociStitched	chr6	94709274	94709372	1	99	3.136	18.2084	346	0
1_TAP_Pax3_MB_peak_616_lociStitched	chr2	23894249	23894347	1	99	0	10.486	347	0
1_TAP_Pax3_MB_peak_843_lociStitched	chr5	73680098	73680196	1	99	3.6162	7.1344	348	0
1_TAP_Pax3_MB_peak_623_lociStitched	chr2	47110352	47110450	1	99	0	8.9474	349	0
1_TAP_Pax3_MB_peak_158_lociStitched	chr10	119845059	119845157	1	99	0.735	13.8278	350	0
1_TAP_Pax3_MB_peak_832_lociStitched	chr5	50122916	50123014	1	99	0	11.956	351	0
1_TAP_Pax3_MB_peak_238_lociStitched	chr12	30858243	30858341	1	99	0	6.1348	352	0
1_TAP_Pax3_MB_peak_479_lociStitched	chr16	86820862	86820960	1	99	0	87.0534	353	0
1_TAP_Pax3_MB_peak_888_lociStitched	chr6	38719379	38719478	1	100	0	10.593	354	0
1_TAP_Pax3_MB_peak_304_lociStitched	chr13	78100321	78100420	1	100	0	16.7805	355	0
1_TAP_Pax3_MB_peak_923_lociStitched	chr6	134960961	134961060	1	100	5.2074	5.8014	356	0
1_TAP_Pax3_MB_peak_332_lociStitched	chr14	12537643	12537742	1	100	41.5899	404.91	357	0
1_TAP_Pax3_MB_peak_682_lociStitched	chr2	161410847	161410946	1	100	0	6.039	358	0
1_TAP_Pax3_MB_peak_1354_lociStitched	chrX	140261439	140261538	1	100	0	0.0495	359	0
1_TAP_Pax3_MB_peak_408_lociStitched	chr15	8523333	8523432	1	100	0	20.1762	360	0
1_TAP_Pax3_MB_peak_591_lociStitched	chr19	43128300	43128399	1	100	0	12.7314	361	0
1_TAP_Pax3_MB_peak_276_lociStitched	chr12	109949649	109949748	1	100	0	3.0888	362	0
1_TAP_Pax3_MB_peak_570_lociStitched	chr18	78198309	78198408	1	100	20.1861	277.4673	363	0
1_TAP_Pax3_MB_peak_419_lociStitched	chr15	40923579	40923678	1	100	0	5.4153	364	0
1_TAP_Pax3_MB_peak_870_lociStitched	chr5	131645813	131645912	1	100	0	4.2669	365	0
1_TAP_Pax3_MB_peak_902_lociStitched	chr6	67475659	67475758	1	100	0	19.3446	366	0
1_TAP_Pax3_MB_peak_55_lociStitched	chr1	119903424	119903523	1	100	5.4252	8.7912	367	0
1_TAP_Pax3_MB_peak_334_lociStitched	chr14	15075932	15076031	1	100	0	3.663	368	0
1_TAP_Pax3_MB_peak_282_lociStitched	chr13	13860873	13860972	1	100	46.8765	379.5759	369	0
1_TAP_Pax3_MB_peak_22_lociStitched	chr1	40339464	40339563	1	100	0	13.2363	370	0
1_TAP_Pax3_MB_peak_200_lociStitched	chr11	66534368	66534467	1	100	0	4.2372	371	0
1_TAP_Pax3_MB_peak_513_lociStitched	chr17	78291868	78291968	1	101	10.63	14.4	372	0
1_TAP_Pax3_MB_peak_967_lociStitched	chr7	138271565	138271665	1	101	0.17	7.1	373	0
1_TAP_Pax3_MB_peak_114_lociStitched	chr10	33784546	33784646	1	101	10.26	24.1	374	0
1_TAP_Pax3_MB_peak_1006_lociStitched	chr8	61155031	61155131	1	101	8.4	12.37	375	0
1_TAP_Pax3_MB_peak_390_lociStitched	chr14	112518848	112518948	1	101	36.56	304.66	376	0
1_TAP_Pax3_MB_peak_1123_lociStitched	chr9	112909893	112909993	1	101	0	7.42	377	0
1_TAP_Pax3_MB_peak_638_lociStitched	chr2	71853639	71853739	1	101	1.7	9.79	378	0
1_TAP_Pax3_MB_peak_387_lociStitched	chr14	106607167	106607267	1	101	0	11	379	0
1_TAP_Pax3_MB_peak_272_lociStitched	chr12	97511945	97512045	1	101	0	5.8	380	0
1_TAP_Pax3_MB_peak_157_lociStitched	chr10	119342474	119342574	1	101	0	18.05	381	0
1_TAP_Pax3_MB_peak_219_lociStitched	chr11	110422272	110422372	1	101	36.62	252.76	382	0
1_TAP_Pax3_MB_peak_717_lociStitched	chr3	100485339	100485439	1	101	12.27	108.63	383	0
1_TAP_Pax3_MB_peak_295_lociStitched	chr13	36542665	36542765	1	101	0	8.35	384	0
1_TAP_Pax3_MB_peak_628_lociStitched	chr2	49922176	49922276	1	101	6.76	12.53	385	0
1_TAP_Pax3_MB_peak_963_lociStitched	chr7	118887379	118887479	1	101	7.72	11.83	386	0
1_TAP_Pax3_MB_peak_63_lociStitched	chr1	144356157	144356258	1	102	2.6058	16.3418	387	0
1_TAP_Pax3_MB_peak_1028_lociStitched	chr8	110316254	110316355	1	102	0	4.6561	388	0
1_TAP_Pax3_MB_peak_659_lociStitched	chr2	109618838	109618939	1	102	0	12.6553	389	0
1_TAP_Pax3_MB_peak_110_lociStitched	chr10	26858138	26858239	1	102	0	12.726	390	0
1_TAP_Pax3_MB_peak_206_lociStitched	chr11	77174288	77174389	1	102	0	5.9186	391	0
1_TAP_Pax3_MB_peak_540_lociStitched	chr18	41223594	41223695	1	102	0	5.3328	392	0
1_TAP_Pax3_MB_peak_289_lociStitched	chr13	34057376	34057477	1	102	0	6.2923	393	0
1_TAP_Pax3_MB_peak_505_lociStitched	chr17	62438206	62438307	1	102	0	23.4724	394	0
1_TAP_Pax3_MB_peak_876_lociStitched	chr5	144717616	144717717	1	102	0	6.5852	395	0
1_TAP_Pax3_MB_peak_281_lociStitched	chr13	12931027	12931128	1	102	7.5245	34.0572	396	0
1_TAP_Pax3_MB_peak_31_lociStitched	chr1	57112500	57112602	1	103	0	8.7618	397	0
1_TAP_Pax3_MB_peak_921_lociStitched	chr6	133967432	133967534	1	103	0	6.5688	398	0
1_TAP_Pax3_MB_peak_388_lociStitched	chr14	108868471	108868573	1	103	0	7.2114	399	0
1_TAP_Pax3_MB_peak_421_lociStitched	chr15	51687252	51687354	1	103	28.56	33.3132	400	0
1_TAP_Pax3_MB_peak_575_lociStitched	chr19	10022395	10022497	1	103	7.9152	12.4032	401	0
1_TAP_Pax3_MB_peak_79_lociStitched	chr1	179122617	179122719	1	103	6.7626	7.089	402	0
1_TAP_Pax3_MB_peak_508_lociStitched	chr17	64948585	64948687	1	103	0	12.342	403	0
1_TAP_Pax3_MB_peak_459_lociStitched	chr16	43361281	43361383	1	103	4.3554	11.2914	404	0
1_TAP_Pax3_MB_peak_161_lociStitched	chr10	122193199	122193301	1	103	0	5.7528	405	0
1_TAP_Pax3_MB_peak_868_lociStitched	chr5	122474670	122474772	1	103	0	4.7532	406	0
1_TAP_Pax3_MB_peak_756_lociStitched	chr4	27970713	27970815	1	103	0	3.9474	407	0
1_TAP_Pax3_MB_peak_211_lociStitched	chr11	86867089	86867191	1	103	10.8528	18.6864	408	0
1_TAP_Pax3_MB_peak_959_lociStitched	chr7	109426809	109426911	1	103	0	7.089	409	0
1_TAP_Pax3_MB_peak_751_lociStitched	chr4	10146958	10147060	1	103	0	10.5468	410	0
1_TAP_Pax3_MB_peak_1349_lociStitched	chrX	107312745	107312848	1	104	0	8.2091	411	0
1_TAP_Pax3_MB_peak_102_lociStitched	chr10	14913331	14913434	1	104	0	10.0013	412	0
1_TAP_Pax3_MB_peak_1085_lociStitched	chr9	15340078	15340181	1	104	0	7.313	413	0
1_TAP_Pax3_MB_peak_27_lociStitched	chr1	45576569	45576672	1	104	0	11.1652	414	0
1_TAP_Pax3_MB_peak_663_lociStitched	chr2	119717163	119717266	1	104	6.901	14.2037	415	0
1_TAP_Pax3_MB_peak_77_lociStitched	chr1	172912923	172913026	1	104	0	16.0371	416	0
1_TAP_Pax3_MB_peak_837_lociStitched	chr5	53937372	53937475	1	104	14.0801	32.0124	417	0
1_TAP_Pax3_MB_peak_968_lociStitched	chr7	138593454	138593557	1	104	32.548	88.0444	418	0
1_TAP_Pax3_MB_peak_1341_lociStitched	chrX	37090425	37090528	1	104	5.768	8.0958	419	0
1_TAP_Pax3_MB_peak_627_lociStitched	chr2	48620623	48620726	1	104	0	11.5463	420	0
1_TAP_Pax3_MB_peak_980_lociStitched	chr8	24134692	24134795	1	104	0	7.6941	421	0
1_TAP_Pax3_MB_peak_809_lociStitched	chr4	152956866	152956970	1	105	0	8.268	422	0
1_TAP_Pax3_MB_peak_278_lociStitched	chr12	118643485	118643589	1	105	0	21.1328	423	0
1_TAP_Pax3_MB_peak_607_lociStitched	chr2	8448214	8448318	1	105	0.3432	6.292	424	0
1_TAP_Pax3_MB_peak_834_lociStitched	chr5	51416435	51416539	1	105	0	7.4048	425	0
1_TAP_Pax3_MB_peak_853_lociStitched	chr5	96834387	96834491	1	105	0	14.3416	426	0
1_TAP_Pax3_MB_peak_440_lociStitched	chr16	3352858	3352962	1	105	48.9944	147.0248	427	0
1_TAP_Pax3_MB_peak_96_lociStitched	chr10	3631214	3631318	1	105	0	14.0296	428	0
1_TAP_Pax3_MB_peak_1105_lociStitched	chr9	63269985	63270089	1	105	2.7976	9.568	429	0
1_TAP_Pax3_MB_peak_950_lociStitched	chr7	89908145	89908250	1	106	0.8505	15.792	430	0
1_TAP_Pax3_MB_peak_293_lociStitched	chr13	34827167	34827272	1	106	0.966	3.885	431	0
1_TAP_Pax3_MB_peak_350_lociStitched	chr14	29160307	29160412	1	106	0	8.7045	432	0
1_TAP_Pax3_MB_peak_962_lociStitched	chr7	116988732	116988837	1	106	0	0.798	433	0
1_TAP_Pax3_MB_peak_982_lociStitched	chr8	26337030	26337135	1	106	0	8.6205	434	0
1_TAP_Pax3_MB_peak_586_lociStitched	chr19	31425320	31425425	1	106	5.1975	6.7935	435	0
1_TAP_Pax3_MB_peak_692_lociStitched	chr3	6116057	6116162	1	106	51.66	232.9215	436	0
1_TAP_Pax3_MB_peak_269_lociStitched	chr12	94432946	94433051	1	106	4.8615	6.6465	437	0
1_TAP_Pax3_MB_peak_897_lociStitched	chr6	56273581	56273686	1	106	0	11.256	438	0
1_TAP_Pax3_MB_peak_103_lociStitched	chr10	14977698	14977803	1	106	0	12.936	439	0
1_TAP_Pax3_MB_peak_36_lociStitched	chr1	60070504	60070609	1	106	0	8.694	440	0
1_TAP_Pax3_MB_peak_45_lociStitched	chr1	78121555	78121660	1	106	2.1525	6.762	441	0
1_TAP_Pax3_MB_peak_632_lociStitched	chr2	59382608	59382713	1	106	0	7.8645	442	0
1_TAP_Pax3_MB_peak_186_lociStitched	chr11	41229848	41229953	1	106	0	14.112	443	0
1_TAP_Pax3_MB_peak_730_lociStitched	chr3	132743671	132743776	1	106	0.336	10.563	444	0
1_TAP_Pax3_MB_peak_348_lociStitched	chr14	26334647	26334752	1	106	5.6595	13.0305	445	0
1_TAP_Pax3_MB_peak_700_lociStitched	chr3	53930253	53930358	1	106	0.8505	11.0775	446	0
1_TAP_Pax3_MB_peak_772_lociStitched	chr4	73041129	73041234	1	106	0	8.7045	447	0
1_TAP_Pax3_MB_peak_367_lociStitched	chr14	64111778	64111883	1	106	0	10.8465	448	0
1_TAP_Pax3_MB_peak_306_lociStitched	chr13	90586203	90586308	1	106	0.336	16.086	449	0
1_TAP_Pax3_MB_peak_452_lociStitched	chr16	30829543	30829648	1	106	28.98	307.2195	450	0
1_TAP_Pax3_MB_peak_1008_lociStitched	chr8	71433047	71433153	1	107	86.8352	765.3836	451	0
1_TAP_Pax3_MB_peak_85_lociStitched	chr1	185670406	185670512	1	107	0	9.8156	452	0
1_TAP_Pax3_MB_peak_741_lociStitched	chr3	148452046	148452152	1	107	0	7.9288	453	0
1_TAP_Pax3_MB_peak_99_lociStitched	chr10	12424438	12424544	1	107	0	13.7694	454	0
1_TAP_Pax3_MB_peak_189_lociStitched	chr11	45593257	45593363	1	107	4.8018	8.0666	455	0
1_TAP_Pax3_MB_peak_64_lociStitched	chr1	151604759	151604865	1	107	0	11.978	456	0
1_TAP_Pax3_MB_peak_798_lociStitched	chr4	115436030	115436136	1	107	0	8.3846	457	0
1_TAP_Pax3_MB_peak_357_lociStitched	chr14	42795506	42795612	1	107	0	15.5608	458	0
1_TAP_Pax3_MB_peak_861_lociStitched	chr5	107848146	107848252	1	107	16.1756	23.9348	459	0
1_TAP_Pax3_MB_peak_644_lociStitched	chr2	82892233	82892339	1	107	0	6.943	460	0
1_TAP_Pax3_MB_peak_565_lociStitched	chr18	73472436	73472542	1	107	0	11.6282	461	0
1_TAP_Pax3_MB_peak_582_lociStitched	chr19	21370894	21371000	1	107	0	9.3386	462	0
1_TAP_Pax3_MB_peak_697_lociStitched	chr3	34180378	34180484	1	107	0	7.3352	463	0
1_TAP_Pax3_MB_peak_119_lociStitched	chr10	49154286	49154392	1	107	0.5088	20.4368	464	0
1_TAP_Pax3_MB_peak_410_lociStitched	chr15	11166028	11166134	1	107	11.5116	18.4334	465	0
1_TAP_Pax3_MB_peak_953_lociStitched	chr7	91818161	91818267	1	107	0	13.3348	466	0
1_TAP_Pax3_MB_peak_500_lociStitched	chr17	44624959	44625065	1	107	2.2048	11.1724	467	0
1_TAP_Pax3_MB_peak_137_lociStitched	chr10	88784719	88784826	1	108	0	17.2377	468	0
1_TAP_Pax3_MB_peak_805_lociStitched	chr4	144939999	144940106	1	108	7.9501	12.0375	469	0
1_TAP_Pax3_MB_peak_775_lociStitched	chr4	86069436	86069543	1	108	6.7838	10.2506	470	0
1_TAP_Pax3_MB_peak_535_lociStitched	chr18	31731093	31731200	1	108	0	14.8195	471	0
1_TAP_Pax3_MB_peak_1003_lociStitched	chr8	59953801	59953908	1	108	0	15.4294	472	0
1_TAP_Pax3_MB_peak_86_lociStitched	chr1	185779844	185779951	1	108	0	0	473	0
1_TAP_Pax3_MB_peak_1346_lociStitched	chrX	90901047	90901154	1	108	0	8.3567	474	0
1_TAP_Pax3_MB_peak_880_lociStitched	chr6	17351120	17351227	1	108	0	18.297	475	0
1_TAP_Pax3_MB_peak_806_lociStitched	chr4	147423247	147423354	1	108	9.5016	80.8813	476	0
1_TAP_Pax3_MB_peak_737_lociStitched	chr3	144395789	144395896	1	108	0	5.9599	477	0
1_TAP_Pax3_MB_peak_978_lociStitched	chr8	21011633	21011740	1	108	7.5542	33.1272	478	0
1_TAP_Pax3_MB_peak_766_lociStitched	chr4	56122396	56122503	1	108	6.2488	27.8949	479	0
1_TAP_Pax3_MB_peak_731_lociStitched	chr3	132805605	132805712	1	108	0	12.1552	480	0
1_TAP_Pax3_MB_peak_75_lociStitched	chr1	169407131	169407238	1	108	0	9.9082	481	0
1_TAP_Pax3_MB_peak_192_lociStitched	chr11	52149142	52149250	1	109	0	19.5804	482	0
1_TAP_Pax3_MB_peak_2_lociStitched	chr1	10004344	10004452	1	109	0	13.878	483	0
1_TAP_Pax3_MB_peak_658_lociStitched	chr2	105977718	105977826	1	109	0	10.5516	484	0
1_TAP_Pax3_MB_peak_860_lociStitched	chr5	106527514	106527622	1	109	0	7.5492	485	0
1_TAP_Pax3_MB_peak_113_lociStitched	chr10	31907685	31907793	1	109	8.478	13.8132	486	0
1_TAP_Pax3_MB_peak_80_lociStitched	chr1	181332653	181332761	1	109	20.1636	21.1248	487	0
1_TAP_Pax3_MB_peak_420_lociStitched	chr15	42978987	42979095	1	109	0	12.636	488	0
1_TAP_Pax3_MB_peak_701_lociStitched	chr3	54623863	54623971	1	109	0	9.6336	489	0
1_TAP_Pax3_MB_peak_1025_lociStitched	chr8	106941995	106942103	1	109	0	11.0484	490	0
1_TAP_Pax3_MB_peak_753_lociStitched	chr4	21028357	21028465	1	109	0	1.3824	491	0
1_TAP_Pax3_MB_peak_942_lociStitched	chr7	72145273	72145381	1	109	0	4.104	492	0
1_TAP_Pax3_MB_peak_217_lociStitched	chr11	102501748	102501856	1	109	0	18.2952	493	0
1_TAP_Pax3_MB_peak_625_lociStitched	chr2	48089271	48089379	1	109	0	0.9828	494	0
1_TAP_Pax3_MB_peak_1014_lociStitched	chr8	78586011	78586119	1	109	2.4624	11.5236	495	0
1_TAP_Pax3_MB_peak_719_lociStitched	chr3	107923562	107923670	1	109	1.3284	9.666	496	0
1_TAP_Pax3_MB_peak_455_lociStitched	chr16	39299085	39299193	1	109	0	9.9252	497	0
1_TAP_Pax3_MB_peak_733_lociStitched	chr3	140821437	140821546	1	110	0	10.3441	498	0
1_TAP_Pax3_MB_peak_457_lociStitched	chr16	40983221	40983330	1	110	0	16.0012	499	0
1_TAP_Pax3_MB_peak_1103_lociStitched	chr9	61121013	61121122	1	110	0	4.4254	500	0
1_TAP_Pax3_MB_peak_1031_lociStitched	chr8	114262482	114262591	1	110	0	10.2133	501	0
1_TAP_Pax3_MB_peak_1342_lociStitched	chrX	41282568	41282677	1	110	0	8.4693	502	0
1_TAP_Pax3_MB_peak_464_lociStitched	chr16	48646390	48646499	1	110	0	7.303	503	0
1_TAP_Pax3_MB_peak_116_lociStitched	chr10	38553807	38553916	1	110	0	4.1311	504	0
1_TAP_Pax3_MB_peak_611_lociStitched	chr2	22548527	22548636	1	110	3.3681	10.5512	505	0
1_TAP_Pax3_MB_peak_1083_lociStitched	chr9	14216226	14216335	1	110	0	38.7495	506	0
1_TAP_Pax3_MB_peak_347_lociStitched	chr14	23714840	23714949	1	110	0	8.8617	507	0
1_TAP_Pax3_MB_peak_504_lociStitched	chr17	61956071	61956180	1	110	0	11.2488	508	0
1_TAP_Pax3_MB_peak_740_lociStitched	chr3	147589908	147590018	1	111	0	8.503	509	0
1_TAP_Pax3_MB_peak_580_lociStitched	chr19	17110854	17110964	1	111	0	14.113	510	0
1_TAP_Pax3_MB_peak_1092_lociStitched	chr9	32641766	32641876	1	111	0	2.761	511	0
1_TAP_Pax3_MB_peak_759_lociStitched	chr4	33556156	33556266	1	111	1.474	16.566	512	0
1_TAP_Pax3_MB_peak_142_lociStitched	chr10	94963219	94963329	1	111	7.348	18.92	513	0
1_TAP_Pax3_MB_peak_1116_lociStitched	chr9	82578826	82578936	1	111	2.541	3.652	514	0
1_TAP_Pax3_MB_peak_764_lociStitched	chr4	49288153	49288263	1	111	0	2.607	515	0
1_TAP_Pax3_MB_peak_448_lociStitched	chr16	25485248	25485359	1	112	6.216	40.4706	516	0
1_TAP_Pax3_MB_peak_312_lociStitched	chr13	103880630	103880741	1	112	0	23.5098	517	0
1_TAP_Pax3_MB_peak_639_lociStitched	chr2	71934722	71934833	1	112	0	16.8831	518	0
1_TAP_Pax3_MB_peak_961_lociStitched	chr7	115345076	115345187	1	112	3.8406	3.9849	519	0
1_TAP_Pax3_MB_peak_854_lociStitched	chr5	96934645	96934756	1	112	0	12.3987	520	0
1_TAP_Pax3_MB_peak_550_lociStitched	chr18	55585236	55585347	1	112	0	8.2029	521	0
1_TAP_Pax3_MB_peak_721_lociStitched	chr3	117919167	117919278	1	112	0	8.4693	522	0
1_TAP_Pax3_MB_peak_1015_lociStitched	chr8	80866700	80866811	1	112	17.0829	23.5986	523	0
1_TAP_Pax3_MB_peak_379_lociStitched	chr14	78179706	78179817	1	112	0	7.6479	524	0
1_TAP_Pax3_MB_peak_370_lociStitched	chr14	67833113	67833224	1	112	0.6771	20.0688	525	0
1_TAP_Pax3_MB_peak_926_lociStitched	chr6	141062190	141062301	1	112	0	10.6005	526	0
1_TAP_Pax3_MB_peak_292_lociStitched	chr13	34596921	34597032	1	112	0	14.8629	527	0
1_TAP_Pax3_MB_peak_864_lociStitched	chr5	111122375	111122487	1	113	3.0576	26.5328	528	0
1_TAP_Pax3_MB_peak_821_lociStitched	chr5	21586852	21586964	1	113	8.96	21.2352	529	0
1_TAP_Pax3_MB_peak_462_lociStitched	chr16	47536707	47536819	1	113	0	10.8864	530	0
1_TAP_Pax3_MB_peak_773_lociStitched	chr4	75386381	75386493	1	113	5.0288	7.6272	531	0
1_TAP_Pax3_MB_peak_667_lociStitched	chr2	129676738	129676850	1	113	0	2.5424	532	0
1_TAP_Pax3_MB_peak_900_lociStitched	chr6	66297046	66297158	1	113	0	9.0384	533	0
1_TAP_Pax3_MB_peak_65_lociStitched	chr1	152378564	152378676	1	113	10.8304	12.2304	534	0
1_TAP_Pax3_MB_peak_214_lociStitched	chr11	94516368	94516480	1	113	4.3008	9.7776	535	0
1_TAP_Pax3_MB_peak_995_lociStitched	chr8	47974307	47974420	1	114	3.8759	25.4476	536	0
1_TAP_Pax3_MB_peak_518_lociStitched	chr17	84576615	84576728	1	114	15.6392	24.8148	537	0
1_TAP_Pax3_MB_peak_432_lociStitched	chr15	69253922	69254035	1	114	0	15.8652	538	0
1_TAP_Pax3_MB_peak_581_lociStitched	chr19	21183214	21183327	1	114	0	12.1701	539	0
1_TAP_Pax3_MB_peak_976_lociStitched	chr8	19681330	19681443	1	114	9.8649	74.1732	540	0
1_TAP_Pax3_MB_peak_264_lociStitched	chr12	77955614	77955727	1	114	0	7.1303	541	0
1_TAP_Pax3_MB_peak_6_lociStitched	chr1	20699776	20699889	1	114	2.3165	10.6333	542	0
1_TAP_Pax3_MB_peak_722_lociStitched	chr3	118126944	118127057	1	114	0	7.7066	543	0
1_TAP_Pax3_MB_peak_619_lociStitched	chr2	28471622	28471735	1	114	10.3734	17.3568	544	0
1_TAP_Pax3_MB_peak_98_lociStitched	chr10	5302559	5302672	1	114	2.034	22.2271	545	0
1_TAP_Pax3_MB_peak_584_lociStitched	chr19	28204283	28204396	1	114	12.8029	15.3341	546	0
1_TAP_Pax3_MB_peak_286_lociStitched	chr13	23654572	23654685	1	114	15.7183	16.7353	547	0
1_TAP_Pax3_MB_peak_708_lociStitched	chr3	61216615	61216728	1	114	0	9.2321	548	0
1_TAP_Pax3_MB_peak_944_lociStitched	chr7	82405696	82405810	1	115	9.9294	15.9828	549	0
1_TAP_Pax3_MB_peak_461_lociStitched	chr16	46894925	46895039	1	115	0	6.8172	550	0
1_TAP_Pax3_MB_peak_914_lociStitched	chr6	97884817	97884931	1	115	7.581	8.0142	551	0
1_TAP_Pax3_MB_peak_579_lociStitched	chr19	16880092	16880206	1	115	0	15.561	552	0
1_TAP_Pax3_MB_peak_846_lociStitched	chr5	86234513	86234627	1	115	0	7.809	553	0
1_TAP_Pax3_MB_peak_714_lociStitched	chr3	97830258	97830372	1	115	0	16.8948	554	0
1_TAP_Pax3_MB_peak_68_lociStitched	chr1	157982005	157982119	1	115	2.8272	8.8692	555	0
1_TAP_Pax3_MB_peak_503_lociStitched	chr17	52911390	52911504	1	115	0	5.814	556	0
1_TAP_Pax3_MB_peak_629_lociStitched	chr2	51989715	51989829	1	115	0.171	20.7594	557	0
1_TAP_Pax3_MB_peak_587_lociStitched	chr19	34199579	34199693	1	115	9.2454	18.24	558	0
1_TAP_Pax3_MB_peak_138_lociStitched	chr10	88831926	88832041	1	116	2.3805	5.8075	559	0
1_TAP_Pax3_MB_peak_585_lociStitched	chr19	28460981	28461096	1	116	6.141	13.662	560	0
1_TAP_Pax3_MB_peak_475_lociStitched	chr16	72788205	72788320	1	116	0	9.4415	561	0
1_TAP_Pax3_MB_peak_771_lociStitched	chr4	72800127	72800242	1	116	0	20.378	562	0
1_TAP_Pax3_MB_peak_930_lociStitched	chr6	148680540	148680655	1	116	0.736	12.029	563	0
1_TAP_Pax3_MB_peak_1347_lociStitched	chrX	105376581	105376696	1	116	0	14.1795	564	0
1_TAP_Pax3_MB_peak_533_lociStitched	chr18	23454267	23454382	1	116	0	15.3985	565	0
1_TAP_Pax3_MB_peak_763_lociStitched	chr4	48660997	48661112	1	116	7.038	11.5345	566	0
1_TAP_Pax3_MB_peak_604_lociStitched	chr2	3964502	3964617	1	116	12.719	420.486	567	0
1_TAP_Pax3_MB_peak_203_lociStitched	chr11	70118997	70119112	1	116	17.8135	35.9835	568	0
1_TAP_Pax3_MB_peak_635_lociStitched	chr2	65619912	65620027	1	116	0	10.6605	569	0
1_TAP_Pax3_MB_peak_532_lociStitched	chr18	13458305	13458420	1	116	3.22	11.0975	570	0
1_TAP_Pax3_MB_peak_590_lociStitched	chr19	38072864	38072979	1	116	8.1765	16.0885	571	0
1_TAP_Pax3_MB_peak_693_lociStitched	chr3	9677022	9677137	1	116	0	13.317	572	0
1_TAP_Pax3_MB_peak_647_lociStitched	chr2	90661071	90661186	1	116	14.8695	20.516	573	0
1_TAP_Pax3_MB_peak_131_lociStitched	chr10	69628977	69629092	1	116	12.5005	38.157	574	0
1_TAP_Pax3_MB_peak_1113_lociStitched	chr9	76641309	76641424	1	116	0	8.924	575	0
1_TAP_Pax3_MB_peak_417_lociStitched	chr15	34731837	34731953	1	117	0	13.0036	576	0
1_TAP_Pax3_MB_peak_256_lociStitched	chr12	61175496	61175612	1	117	0	7.9576	577	0
1_TAP_Pax3_MB_peak_548_lociStitched	chr18	54973082	54973198	1	117	0	11.2172	578	0
1_TAP_Pax3_MB_peak_909_lociStitched	chr6	93261405	93261521	1	117	0	16.8432	579	0
1_TAP_Pax3_MB_peak_929_lociStitched	chr6	147279376	147279492	1	117	0.8468	26.332	580	0
1_TAP_Pax3_MB_peak_908_lociStitched	chr6	89881090	89881206	1	117	0	27.1208	581	0
1_TAP_Pax3_MB_peak_345_lociStitched	chr14	22037364	22037480	1	117	5.0344	8.3404	582	0
1_TAP_Pax3_MB_peak_344_lociStitched	chr14	20044200	20044316	1	117	0	12.3772	583	0
1_TAP_Pax3_MB_peak_478_lociStitched	chr16	85887391	85887507	1	117	0	15.9964	584	0
1_TAP_Pax3_MB_peak_874_lociStitched	chr5	138575078	138575194	1	117	0	9.628	585	0
1_TAP_Pax3_MB_peak_981_lociStitched	chr8	24240250	24240366	1	117	6.5076	9.5236	586	0
1_TAP_Pax3_MB_peak_671_lociStitched	chr2	141815856	141815972	1	117	0	16.8548	587	0
1_TAP_Pax3_MB_peak_530_lociStitched	chr18	12418512	12418628	1	117	2.204	6.3452	588	0
1_TAP_Pax3_MB_peak_563_lociStitched	chr18	73309103	73309220	1	118	0	8.7282	589	0
1_TAP_Pax3_MB_peak_204_lociStitched	chr11	75703895	75704012	1	118	2.3751	26.7345	590	0
1_TAP_Pax3_MB_peak_601_lociStitched	chr2	3050248	3050365	1	118	106.9029	285.5385	591	0
1_TAP_Pax3_MB_peak_325_lociStitched	chr13	116391574	116391691	1	118	0	10.8576	592	0
1_TAP_Pax3_MB_peak_456_lociStitched	chr16	40392299	40392416	1	118	0	3.8727	593	0
1_TAP_Pax3_MB_peak_449_lociStitched	chr16	25511497	25511614	1	118	0	18.0765	594	0
1_TAP_Pax3_MB_peak_43_lociStitched	chr1	71079316	71079433	1	118	14.2272	88.3584	595	0
1_TAP_Pax3_MB_peak_932_lociStitched	chr7	12992742	12992859	1	118	0	12.8115	596	0
1_TAP_Pax3_MB_peak_501_lociStitched	chr17	45317089	45317206	1	118	10.1556	18.3339	597	0
1_TAP_Pax3_MB_peak_118_lociStitched	chr10	45560905	45561022	1	118	3.8493	15.2217	598	0
1_TAP_Pax3_MB_peak_1000_lociStitched	chr8	50283821	50283938	1	118	0	13.6773	599	0
1_TAP_Pax3_MB_peak_857_lociStitched	chr5	103608905	103609023	1	119	3.5872	3.9176	600	0
1_TAP_Pax3_MB_peak_674_lociStitched	chr2	143812313	143812431	1	119	2.5488	12.2248	601	0
1_TAP_Pax3_MB_peak_818_lociStitched	chr5	20153874	20153992	1	119	0	12.2838	602	0
1_TAP_Pax3_MB_peak_958_lociStitched	chr7	96292217	96292335	1	119	4.3778	4.543	603	0
1_TAP_Pax3_MB_peak_974_lociStitched	chr8	12314658	12314776	1	119	1.5222	9.027	604	0
1_TAP_Pax3_MB_peak_597_lociStitched	chr19	55294320	55294438	1	119	4.8026	14.2308	605	0
1_TAP_Pax3_MB_peak_1091_lociStitched	chr9	27213133	27213251	1	119	57.053	854.5914	606	0
1_TAP_Pax3_MB_peak_609_lociStitched	chr2	13386051	13386169	1	119	13.3222	22.1014	607	0
1_TAP_Pax3_MB_peak_1007_lociStitched	chr8	61814944	61815062	1	119	0	9.8294	608	0
1_TAP_Pax3_MB_peak_816_lociStitched	chr5	12586708	12586826	1	119	0	9.7232	609	0
1_TAP_Pax3_MB_peak_988_lociStitched	chr8	35514347	35514465	1	119	2.0886	15.7294	610	0
1_TAP_Pax3_MB_peak_57_lociStitched	chr1	127382422	127382541	1	120	0	14.994	611	0
1_TAP_Pax3_MB_peak_159_lociStitched	chr10	119886253	119886372	1	120	0	16.8266	612	0
1_TAP_Pax3_MB_peak_151_lociStitched	chr10	107724573	107724692	1	120	0	7.1281	613	0
1_TAP_Pax3_MB_peak_840_lociStitched	chr5	64480846	64480965	1	120	6.7592	12.0071	614	0
1_TAP_Pax3_MB_peak_333_lociStitched	chr14	12914168	12914287	1	120	0	6.6402	615	0
1_TAP_Pax3_MB_peak_224_lociStitched	chr12	4552174	4552293	1	120	3.3915	16.9337	616	0
1_TAP_Pax3_MB_peak_52_lociStitched	chr1	89700284	89700404	1	121	0	14.436	617	0
1_TAP_Pax3_MB_peak_983_lociStitched	chr8	26441596	26441716	1	121	5.82	8.136	618	0
1_TAP_Pax3_MB_peak_559_lociStitched	chr18	66471621	66471741	1	121	9.132	13.632	619	0
1_TAP_Pax3_MB_peak_218_lociStitched	chr11	106630736	106630856	1	121	0	22.476	620	0
1_TAP_Pax3_MB_peak_945_lociStitched	chr7	84113974	84114094	1	121	3.672	12.66	621	0
1_TAP_Pax3_MB_peak_120_lociStitched	chr10	51950074	51950194	1	121	0	21.804	622	0
1_TAP_Pax3_MB_peak_288_lociStitched	chr13	31390134	31390254	1	121	0	8.28	623	0
1_TAP_Pax3_MB_peak_277_lociStitched	chr12	116828577	116828697	1	121	0	4.86	624	0
1_TAP_Pax3_MB_peak_684_lociStitched	chr2	162997549	162997669	1	121	0	9.012	625	0
1_TAP_Pax3_MB_peak_521_lociStitched	chr17	93312270	93312390	1	121	0	8.028	626	0
1_TAP_Pax3_MB_peak_73_lociStitched	chr1	165775628	165775748	1	121	1.128	25.08	627	0
1_TAP_Pax3_MB_peak_42_lociStitched	chr1	69456746	69456867	1	122	25.4463	277.332	628	0
1_TAP_Pax3_MB_peak_776_lociStitched	chr4	87648004	87648125	1	122	0	16.8795	629	0
1_TAP_Pax3_MB_peak_179_lociStitched	chr11	18127567	18127688	1	122	0	12.0395	630	0
1_TAP_Pax3_MB_peak_841_lociStitched	chr5	65639056	65639177	1	122	9.1355	19.8924	631	0
1_TAP_Pax3_MB_peak_496_lociStitched	chr17	15988450	15988571	1	122	0	11.5918	632	0
1_TAP_Pax3_MB_peak_673_lociStitched	chr2	143023530	143023651	1	122	6.9575	15.0645	633	0
1_TAP_Pax3_MB_peak_308_lociStitched	chr13	90975838	90975959	1	122	1.4157	11.3861	634	0
1_TAP_Pax3_MB_peak_952_lociStitched	chr7	90651277	90651398	1	122	0	14.5684	635	0
1_TAP_Pax3_MB_peak_129_lociStitched	chr10	67124314	67124435	1	122	13.5762	14.762	636	0
1_TAP_Pax3_MB_peak_47_lociStitched	chr1	78962574	78962696	1	123	0	14.823	637	0
1_TAP_Pax3_MB_peak_245_lociStitched	chr12	41378693	41378815	1	123	0	7.0638	638	0
1_TAP_Pax3_MB_peak_315_lociStitched	chr13	110603048	110603170	1	123	31.6956	215.4276	639	0
1_TAP_Pax3_MB_peak_385_lociStitched	chr14	102705792	102705914	1	123	0	10.675	640	0
1_TAP_Pax3_MB_peak_346_lociStitched	chr14	22193006	22193129	1	124	3.1119	13.5546	641	0
1_TAP_Pax3_MB_peak_60_lociStitched	chr1	136300308	136300431	1	124	0	11.5374	642	0
1_TAP_Pax3_MB_peak_739_lociStitched	chr3	145595724	145595847	1	124	8.6838	19.3848	643	0
1_TAP_Pax3_MB_peak_893_lociStitched	chr6	53963458	53963581	1	124	0	16.6419	644	0
1_TAP_Pax3_MB_peak_924_lociStitched	chr6	137127831	137127954	1	124	5.7441	13.7022	645	0
1_TAP_Pax3_MB_peak_984_lociStitched	chr8	26744495	26744618	1	124	0	14.0343	646	0
1_TAP_Pax3_MB_peak_185_lociStitched	chr11	31225502	31225625	1	124	0	28.3884	647	0
1_TAP_Pax3_MB_peak_351_lociStitched	chr14	29229617	29229740	1	124	0	11.7096	648	0
1_TAP_Pax3_MB_peak_723_lociStitched	chr3	121243107	121243230	1	124	5.4858	10.7625	649	0
1_TAP_Pax3_MB_peak_588_lociStitched	chr19	36137435	36137558	1	124	0	13.3701	650	0
1_TAP_Pax3_MB_peak_400_lociStitched	chr14	121672060	121672183	1	124	0	7.1709	651	0
1_TAP_Pax3_MB_peak_122_lociStitched	chr10	56495448	56495571	1	124	0	8.1303	652	0
1_TAP_Pax3_MB_peak_386_lociStitched	chr14	102744349	102744472	1	124	0	12.8412	653	0
1_TAP_Pax3_MB_peak_44_lociStitched	chr1	72451238	72451361	1	124	14.4771	22.3491	654	0
1_TAP_Pax3_MB_peak_425_lociStitched	chr15	55196471	55196594	1	124	13.407	33.8865	655	0
1_TAP_Pax3_MB_peak_852_lociStitched	chr5	96037975	96038098	1	124	15.4119	16.1007	656	0
1_TAP_Pax3_MB_peak_972_lociStitched	chr8	7946217	7946340	1	124	0	11.4882	657	0
1_TAP_Pax3_MB_peak_251_lociStitched	chr12	53265367	53265490	1	124	6.9003	26.6541	658	0
1_TAP_Pax3_MB_peak_808_lociStitched	chr4	151115231	151115355	1	125	0	11.718	659	0
1_TAP_Pax3_MB_peak_17_lociStitched	chr1	28565936	28566060	1	125	0	6.7332	660	0
1_TAP_Pax3_MB_peak_66_lociStitched	chr1	156752049	156752173	1	125	15.4628	17.1988	661	0
1_TAP_Pax3_MB_peak_571_lociStitched	chr18	81831338	81831463	1	126	0	8.15	662	0
1_TAP_Pax3_MB_peak_180_lociStitched	chr11	18814923	18815048	1	126	6.95	10.0125	663	0
1_TAP_Pax3_MB_peak_620_lociStitched	chr2	38433953	38434078	1	126	0	13.6625	664	0
1_TAP_Pax3_MB_peak_525_lociStitched	chr18	3047176	3047302	1	127	7.0686	14.8176	665	0
1_TAP_Pax3_MB_peak_941_lociStitched	chr7	71888645	71888771	1	127	0	5.3802	666	0
1_TAP_Pax3_MB_peak_887_lociStitched	chr6	37252792	37252918	1	127	7.9128	8.2152	667	0
1_TAP_Pax3_MB_peak_947_lociStitched	chr7	89500900	89501026	1	127	0	9.2484	668	0
1_TAP_Pax3_MB_peak_239_lociStitched	chr12	37446958	37447084	1	127	0	9.2736	669	0
1_TAP_Pax3_MB_peak_393_lociStitched	chr14	117820579	117820705	1	127	0	4.7754	670	0
1_TAP_Pax3_MB_peak_645_lociStitched	chr2	83819615	83819741	1	127	0	11.7936	671	0
1_TAP_Pax3_MB_peak_20_lociStitched	chr1	36997142	36997268	1	127	0	3.5784	672	0
1_TAP_Pax3_MB_peak_433_lociStitched	chr15	73074706	73074832	1	127	1.638	8.0262	673	0
1_TAP_Pax3_MB_peak_556_lociStitched	chr18	58172324	58172451	1	128	0	13.1572	674	0
1_TAP_Pax3_MB_peak_1018_lociStitched	chr8	83774390	83774517	1	128	16.2052	29.972	675	0
1_TAP_Pax3_MB_peak_56_lociStitched	chr1	121014067	121014194	1	128	0	21.5265	676	0
1_TAP_Pax3_MB_peak_255_lociStitched	chr12	60967575	60967702	1	128	0	14.9098	677	0
1_TAP_Pax3_MB_peak_598_lociStitched	chr19	55635571	55635698	1	128	13.0937	23.7363	678	0
1_TAP_Pax3_MB_peak_307_lociStitched	chr13	90896987	90897114	1	128	0	11.5824	679	0
1_TAP_Pax3_MB_peak_434_lociStitched	chr15	75829713	75829840	1	128	5.6515	21.6789	680	0
1_TAP_Pax3_MB_peak_298_lociStitched	chr13	53115341	53115468	1	128	11.8745	14.7574	681	0
1_TAP_Pax3_MB_peak_21_lociStitched	chr1	38380999	38381126	1	128	0	9.9187	682	0
1_TAP_Pax3_MB_peak_441_lociStitched	chr16	5709130	5709257	1	128	55.6768	850.1253	683	0
1_TAP_Pax3_MB_peak_554_lociStitched	chr18	57665632	57665759	1	128	11.7094	18.0594	684	0
1_TAP_Pax3_MB_peak_891_lociStitched	chr6	47788101	47788228	1	128	0.9017	29.6291	685	0
1_TAP_Pax3_MB_peak_605_lociStitched	chr2	6896661	6896788	1	128	1.0795	13.4874	686	0
1_TAP_Pax3_MB_peak_270_lociStitched	chr12	94805001	94805128	1	128	0	6.1087	687	0
1_TAP_Pax3_MB_peak_107_lociStitched	chr10	22142914	22143041	1	128	29.0957	508.4699	688	0
1_TAP_Pax3_MB_peak_1348_lociStitched	chrX	106506106	106506234	1	129	2.944	22.8992	689	0
1_TAP_Pax3_MB_peak_471_lociStitched	chr16	55528748	55528876	1	129	5.0304	17.0112	690	0
1_TAP_Pax3_MB_peak_1013_lociStitched	chr8	78346512	78346640	1	129	7.1808	17.2928	691	0
1_TAP_Pax3_MB_peak_925_lociStitched	chr6	140905730	140905858	1	129	0	11.1232	692	0
1_TAP_Pax3_MB_peak_528_lociStitched	chr18	7709945	7710073	1	129	10.2656	13.6448	693	0
1_TAP_Pax3_MB_peak_847_lociStitched	chr5	90570968	90571096	1	129	0	16.064	694	0
1_TAP_Pax3_MB_peak_468_lociStitched	chr16	50718670	50718798	1	129	5.2608	26.5088	695	0
1_TAP_Pax3_MB_peak_384_lociStitched	chr14	102603516	102603645	1	130	0	10.2039	696	0
1_TAP_Pax3_MB_peak_833_lociStitched	chr5	50305618	50305747	1	130	0	10.1136	697	0
1_TAP_Pax3_MB_peak_1090_lociStitched	chr9	24906568	24906697	1	130	0	1.3029	698	0
1_TAP_Pax3_MB_peak_291_lociStitched	chr13	34325005	34325134	1	130	16.77	22.2396	699	0
1_TAP_Pax3_MB_peak_1110_lociStitched	chr9	72999263	72999392	1	130	0.6192	14.3706	700	0
1_TAP_Pax3_MB_peak_745_lociStitched	chr3	158121087	158121216	1	130	0	9.8943	701	0
1_TAP_Pax3_MB_peak_156_lociStitched	chr10	118172609	118172738	1	130	13.9062	26.5998	702	0
1_TAP_Pax3_MB_peak_657_lociStitched	chr2	105312156	105312286	1	131	0	7.306	703	0
1_TAP_Pax3_MB_peak_844_lociStitched	chr5	80500872	80501002	1	131	39.949	446.251	704	0
1_TAP_Pax3_MB_peak_777_lociStitched	chr4	87723593	87723723	1	131	0	15.457	705	0
1_TAP_Pax3_MB_peak_526_lociStitched	chr18	3598372	3598502	1	131	0	3.926	706	0
1_TAP_Pax3_MB_peak_770_lociStitched	chr4	70378135	70378266	1	132	8516.9257	10614.013	707	0
1_TAP_Pax3_MB_peak_711_lociStitched	chr3	81799818	81799949	1	132	0	8.777	708	0
1_TAP_Pax3_MB_peak_49_lociStitched	chr1	81436185	81436316	1	132	4.4671	11.5542	709	0
1_TAP_Pax3_MB_peak_294_lociStitched	chr13	35268433	35268565	1	133	0	17.4636	710	0
1_TAP_Pax3_MB_peak_160_lociStitched	chr10	120402732	120402864	1	133	11.286	24.7236	711	0
1_TAP_Pax3_MB_peak_69_lociStitched	chr1	160594687	160594819	1	133	0	7.8012	712	0
1_TAP_Pax3_MB_peak_1002_lociStitched	chr8	56579802	56579934	1	133	7.6296	15.84	713	0
1_TAP_Pax3_MB_peak_38_lociStitched	chr1	62209617	62209749	1	133	0	10.8504	714	0
1_TAP_Pax3_MB_peak_796_lociStitched	chr4	107602290	107602422	1	133	5.8872	19.932	715	0
1_TAP_Pax3_MB_peak_1033_lociStitched	chr8	114675694	114675826	1	133	5.9928	14.124	716	0
1_TAP_Pax3_MB_peak_366_lociStitched	chr14	58658685	58658818	1	134	19.2318	312.6032	717	0
1_TAP_Pax3_MB_peak_822_lociStitched	chr5	22266586	22266719	1	134	0	19.418	718	0
1_TAP_Pax3_MB_peak_849_lociStitched	chr5	91875932	91876065	1	134	0	18.9259	719	0
1_TAP_Pax3_MB_peak_810_lociStitched	chr4	154690130	154690263	1	134	0	11.704	720	0
1_TAP_Pax3_MB_peak_72_lociStitched	chr1	163528225	163528358	1	134	0	17.024	721	0
1_TAP_Pax3_MB_peak_707_lociStitched	chr3	60559886	60560019	1	134	0	25.536	722	0
1_TAP_Pax3_MB_peak_396_lociStitched	chr14	120758661	120758794	1	134	1.862	11.3316	723	0
1_TAP_Pax3_MB_peak_536_lociStitched	chr18	32674917	32675050	1	134	0	24.9242	724	0
1_TAP_Pax3_MB_peak_368_lociStitched	chr14	66005037	66005170	1	134	13.7123	15.2285	725	0
1_TAP_Pax3_MB_peak_199_lociStitched	chr11	65352638	65352771	1	134	11.0257	14.4039	726	0
1_TAP_Pax3_MB_peak_910_lociStitched	chr6	94290766	94290900	1	135	6.0836	12.5826	727	0
1_TAP_Pax3_MB_peak_197_lociStitched	chr11	63580707	63580841	1	135	0	7.9462	728	0
1_TAP_Pax3_MB_peak_939_lociStitched	chr7	56190482	56190616	1	135	0	12.6228	729	0
1_TAP_Pax3_MB_peak_40_lociStitched	chr1	62976805	62976939	1	135	4.9714	24.1736	730	0
1_TAP_Pax3_MB_peak_176_lociStitched	chr11	3628324	3628459	1	136	7.5735	18.306	731	0
1_TAP_Pax3_MB_peak_438_lociStitched	chr15	90820161	90820296	1	136	20.5335	21.8295	732	0
1_TAP_Pax3_MB_peak_355_lociStitched	chr14	41487001	41487136	1	136	0	15.363	733	0
1_TAP_Pax3_MB_peak_378_lociStitched	chr14	78018192	78018327	1	136	5.0895	12.0555	734	0
1_TAP_Pax3_MB_peak_454_lociStitched	chr16	33446946	33447081	1	136	20.898	31.0635	735	0
1_TAP_Pax3_MB_peak_319_lociStitched	chr13	111656404	111656539	1	136	9.8955	10.1655	736	0
1_TAP_Pax3_MB_peak_418_lociStitched	chr15	39187700	39187835	1	136	11.313	29.673	737	0
1_TAP_Pax3_MB_peak_678_lociStitched	chr2	148669268	148669404	1	137	0	19.2984	738	0
1_TAP_Pax3_MB_peak_919_lociStitched	chr6	122434366	122434502	1	137	1.7544	15.5448	739	0
1_TAP_Pax3_MB_peak_7_lociStitched	chr1	23139526	23139662	1	137	0	20.6992	740	0
1_TAP_Pax3_MB_peak_626_lociStitched	chr2	48380314	48380450	1	137	0	13.4504	741	0
1_TAP_Pax3_MB_peak_115_lociStitched	chr10	37820414	37820550	1	137	35.5912	332.8056	742	0
1_TAP_Pax3_MB_peak_124_lociStitched	chr10	56643377	56643514	1	138	1.4111	11.8642	743	0
1_TAP_Pax3_MB_peak_712_lociStitched	chr3	84974917	84975054	1	138	0	9.2338	744	0
1_TAP_Pax3_MB_peak_144_lociStitched	chr10	98831957	98832094	1	138	0	13.0835	745	0
1_TAP_Pax3_MB_peak_105_lociStitched	chr10	20040181	20040318	1	138	1.644	28.7152	746	0
1_TAP_Pax3_MB_peak_359_lociStitched	chr14	45834596	45834733	1	138	0	10.4257	747	0
1_TAP_Pax3_MB_peak_33_lociStitched	chr1	58165562	58165699	1	138	0	17.5771	748	0
1_TAP_Pax3_MB_peak_618_lociStitched	chr2	27809933	27810070	1	138	4.5484	32.469	749	0
1_TAP_Pax3_MB_peak_1034_lociStitched	chr8	115757178	115757315	1	138	0	11.7272	750	0
1_TAP_Pax3_MB_peak_360_lociStitched	chr14	47986738	47986875	1	138	19.2211	20.824	751	0
1_TAP_Pax3_MB_peak_634_lociStitched	chr2	65275541	65275679	1	139	0	15.6492	752	0
1_TAP_Pax3_MB_peak_867_lociStitched	chr5	118524543	118524681	1	139	8.8458	19.6512	753	0
1_TAP_Pax3_MB_peak_842_lociStitched	chr5	66795005	66795143	1	139	0	16.3944	754	0
1_TAP_Pax3_MB_peak_899_lociStitched	chr6	62557543	62557681	1	139	0	9.453	755	0
1_TAP_Pax3_MB_peak_93_lociStitched	chr1	194756958	194757096	1	139	0	15.4836	756	0
1_TAP_Pax3_MB_peak_553_lociStitched	chr18	57363754	57363892	1	139	0	8.142	757	0
1_TAP_Pax3_MB_peak_1093_lociStitched	chr9	33070240	33070378	1	139	0	14.2692	758	0
1_TAP_Pax3_MB_peak_1011_lociStitched	chr8	73209130	73209268	1	139	0	12.903	759	0
1_TAP_Pax3_MB_peak_249_lociStitched	chr12	50624591	50624729	1	139	0	10.9434	760	0
1_TAP_Pax3_MB_peak_936_lociStitched	chr7	40656935	40657073	1	139	0	8.901	761	0
1_TAP_Pax3_MB_peak_736_lociStitched	chr3	142476064	142476202	1	139	0	21.5556	762	0
1_TAP_Pax3_MB_peak_892_lociStitched	chr6	51047438	51047576	1	139	27.9588	369.7158	763	0
1_TAP_Pax3_MB_peak_230_lociStitched	chr12	16460737	16460875	1	139	0	6.762	764	0
1_TAP_Pax3_MB_peak_502_lociStitched	chr17	50494393	50494532	1	140	0	17.3055	765	0
1_TAP_Pax3_MB_peak_920_lociStitched	chr6	133169917	133170056	1	140	50.9852	363.624	766	0
1_TAP_Pax3_MB_peak_271_lociStitched	chr12	96130889	96131028	1	140	0	17.8476	767	0
1_TAP_Pax3_MB_peak_260_lociStitched	chr12	74301178	74301317	1	140	0	12.0652	768	0
1_TAP_Pax3_MB_peak_431_lociStitched	chr15	63626860	63626999	1	140	23.1852	356.2431	769	0
1_TAP_Pax3_MB_peak_317_lociStitched	chr13	110825005	110825144	1	140	9.6466	27.4525	770	0
1_TAP_Pax3_MB_peak_769_lociStitched	chr4	65611274	65611413	1	140	0	7.6311	771	0
1_TAP_Pax3_MB_peak_1035_lociStitched	chr8	128727400	128727539	1	140	0	20.2245	772	0
1_TAP_Pax3_MB_peak_451_lociStitched	chr16	28866732	28866871	1	140	18.209	20.9334	773	0
1_TAP_Pax3_MB_peak_792_lociStitched	chr4	95700621	95700760	1	140	0	8.1732	774	0
1_TAP_Pax3_MB_peak_561_lociStitched	chr18	70458154	70458293	1	140	16.819	17.4862	775	0
1_TAP_Pax3_MB_peak_960_lociStitched	chr7	115290931	115291071	1	141	0	2.8	776	0
1_TAP_Pax3_MB_peak_1350_lociStitched	chrX	114463526	114463666	1	141	50.89	387.016	777	0
1_TAP_Pax3_MB_peak_392_lociStitched	chr14	117701251	117701391	1	141	0	5.95	778	0
1_TAP_Pax3_MB_peak_916_lociStitched	chr6	99768672	99768812	1	141	0	25.046	779	0
1_TAP_Pax3_MB_peak_752_lociStitched	chr4	13496418	13496558	1	141	0	11.466	780	0
1_TAP_Pax3_MB_peak_87_lociStitched	chr1	186902608	186902748	1	141	0	6.272	781	0
1_TAP_Pax3_MB_peak_136_lociStitched	chr10	85435415	85435555	1	141	0	20.496	782	0
1_TAP_Pax3_MB_peak_373_lociStitched	chr14	69161946	69162086	1	141	42.588	580.692	783	0
1_TAP_Pax3_MB_peak_101_lociStitched	chr10	13402061	13402201	1	141	21.994	189.882	784	0
1_TAP_Pax3_MB_peak_474_lociStitched	chr16	65917870	65918011	1	142	0	19.1901	785	0
1_TAP_Pax3_MB_peak_1010_lociStitched	chr8	73054120	73054261	1	142	0	12.7605	786	0
1_TAP_Pax3_MB_peak_488_lociStitched	chr17	7616240	7616381	1	142	48.6027	298.2714	787	0
1_TAP_Pax3_MB_peak_577_lociStitched	chr19	14713474	14713615	1	142	0	13.818	788	0
1_TAP_Pax3_MB_peak_889_lociStitched	chr6	38794896	38795037	1	142	9.9828	14.1141	789	0
1_TAP_Pax3_MB_peak_732_lociStitched	chr3	134716552	134716693	1	142	0	11.2518	790	0
1_TAP_Pax3_MB_peak_973_lociStitched	chr8	8517730	8517871	1	142	9.5598	14.9319	791	0
1_TAP_Pax3_MB_peak_817_lociStitched	chr5	14543720	14543862	1	143	0	9.7412	792	0
1_TAP_Pax3_MB_peak_215_lociStitched	chr11	95480626	95480768	1	143	0	21.9674	793	0
1_TAP_Pax3_MB_peak_127_lociStitched	chr10	64199554	64199696	1	143	0	14.6402	794	0
1_TAP_Pax3_MB_peak_322_lociStitched	chr13	113172078	113172220	1	143	9.017	134.6018	795	0
1_TAP_Pax3_MB_peak_82_lociStitched	chr1	182629807	182629949	1	143	30.033	515.3464	796	0
1_TAP_Pax3_MB_peak_301_lociStitched	chr13	76411231	76411373	1	143	0	23.2312	797	0
1_TAP_Pax3_MB_peak_1088_lociStitched	chr9	24379374	24379516	1	143	0.5112	11.5304	798	0
1_TAP_Pax3_MB_peak_862_lociStitched	chr5	110074451	110074594	1	144	23.4949	131.5314	799	0
1_TAP_Pax3_MB_peak_495_lociStitched	chr17	15595159	15595302	1	144	0	13.9997	800	0
1_TAP_Pax3_MB_peak_491_lociStitched	chr17	9854490	9854633	1	144	0	8.8088	801	0
1_TAP_Pax3_MB_peak_665_lociStitched	chr2	121522473	121522616	1	144	42.8857	302.1447	802	0
1_TAP_Pax3_MB_peak_147_lociStitched	chr10	107172016	107172159	1	144	7.4074	15.1437	803	0
1_TAP_Pax3_MB_peak_1114_lociStitched	chr9	77118907	77119050	1	144	0	9.0948	804	0
1_TAP_Pax3_MB_peak_650_lociStitched	chr2	92168075	92168219	1	145	38.3184	396.3888	805	0
1_TAP_Pax3_MB_peak_3_lociStitched	chr1	11434725	11434869	1	145	0	11.6496	806	0
1_TAP_Pax3_MB_peak_25_lociStitched	chr1	43968048	43968192	1	145	0	22.3344	807	0
1_TAP_Pax3_MB_peak_39_lociStitched	chr1	62368271	62368415	1	145	0	15.7248	808	0
1_TAP_Pax3_MB_peak_323_lociStitched	chr13	115742209	115742353	1	145	40.6656	408.9168	809	0
1_TAP_Pax3_MB_peak_121_lociStitched	chr10	53100935	53101079	1	145	3.8448	16.3296	810	0
1_TAP_Pax3_MB_peak_851_lociStitched	chr5	93289604	93289748	1	145	28.2672	434.2176	811	0
1_TAP_Pax3_MB_peak_177_lociStitched	chr11	8088686	8088830	1	145	6.4512	11.0736	812	0
1_TAP_Pax3_MB_peak_1117_lociStitched	chr9	90302291	90302436	1	146	24.0265	304.877	813	0
1_TAP_Pax3_MB_peak_412_lociStitched	chr15	25606886	25607031	1	146	0	21.199	814	0
1_TAP_Pax3_MB_peak_413_lociStitched	chr15	25674396	25674541	1	146	16.994	26.5785	815	0
1_TAP_Pax3_MB_peak_522_lociStitched	chr17	93645662	93645808	1	147	38.5732	586.0878	816	0
1_TAP_Pax3_MB_peak_819_lociStitched	chr5	21032778	21032924	1	147	0	11.8114	817	0
1_TAP_Pax3_MB_peak_5_lociStitched	chr1	19176234	19176380	1	147	33.2734	355.9918	818	0
1_TAP_Pax3_MB_peak_166_lociStitched	chr10	129735433	129735579	1	147	16.6878	432.4958	819	0
1_TAP_Pax3_MB_peak_706_lociStitched	chr3	59920108	59920254	1	147	49.7276	373.8038	820	0
1_TAP_Pax3_MB_peak_1030_lociStitched	chr8	114214300	114214446	1	147	0	7.4752	821	0
1_TAP_Pax3_MB_peak_516_lociStitched	chr17	82664849	82664995	1	147	0	20.878	822	0
1_TAP_Pax3_MB_peak_223_lociStitched	chr12	4221022	4221168	1	147	0	111.5732	823	0
1_TAP_Pax3_MB_peak_193_lociStitched	chr11	52859945	52860091	1	147	0	20.002	824	0
1_TAP_Pax3_MB_peak_704_lociStitched	chr3	58658497	58658644	1	148	12.4362	16.5963	825	0
1_TAP_Pax3_MB_peak_726_lociStitched	chr3	128936681	128936828	1	148	25.1664	366.1182	826	0
1_TAP_Pax3_MB_peak_594_lociStitched	chr19	50310589	50310736	1	148	35.4564	317.2407	827	0
1_TAP_Pax3_MB_peak_506_lociStitched	chr17	64081117	64081264	1	148	10.4076	14.0091	828	0
1_TAP_Pax3_MB_peak_757_lociStitched	chr4	28176887	28177034	1	148	122.0835	439.089	829	0
1_TAP_Pax3_MB_peak_149_lociStitched	chr10	107597253	107597400	1	148	3.1164	17.5665	830	0
1_TAP_Pax3_MB_peak_917_lociStitched	chr6	103649112	103649259	1	148	132272.5845	132850.074	831	0
1_TAP_Pax3_MB_peak_589_lociStitched	chr19	36703412	36703559	1	148	51.8616	370.4694	832	0
1_TAP_Pax3_MB_peak_246_lociStitched	chr12	41515075	41515222	1	148	26.1807	460.5216	833	0
1_TAP_Pax3_MB_peak_710_lociStitched	chr3	81292491	81292639	1	149	0	12.8316	834	0
1_TAP_Pax3_MB_peak_382_lociStitched	chr14	98708180	98708328	1	149	0	12.0472	835	0
1_TAP_Pax3_MB_peak_439_lociStitched	chr15	103943568	103943716	1	149	26.492	251.1264	836	0
1_TAP_Pax3_MB_peak_558_lociStitched	chr18	65103989	65104137	1	149	42.8904	459.6732	837	0
1_TAP_Pax3_MB_peak_316_lociStitched	chr13	110744391	110744540	1	150	23.4377	244.9411	838	0
1_TAP_Pax3_MB_peak_406_lociStitched	chr15	6316861	6317010	1	150	29.3232	366.5251	839	0
1_TAP_Pax3_MB_peak_216_lociStitched	chr11	98130329	98130478	1	150	0.5066	10.6386	840	0
1_TAP_Pax3_MB_peak_364_lociStitched	chr14	55403401	55403550	1	150	0	7.0477	841	0
1_TAP_Pax3_MB_peak_310_lociStitched	chr13	100874013	100874162	1	150	0	12.6203	842	0
1_TAP_Pax3_MB_peak_1109_lociStitched	chr9	70882064	70882213	1	150	0	9.238	843	0
1_TAP_Pax3_MB_peak_1032_lociStitched	chr8	114436924	114437074	1	151	52.335	587.235	844	0
1_TAP_Pax3_MB_peak_955_lociStitched	chr7	92189227	92189377	1	151	0	25.83	845	0
1_TAP_Pax3_MB_peak_140_lociStitched	chr10	94592401	94592551	1	151	46.11	449.79	846	0
1_TAP_Pax3_MB_peak_1115_lociStitched	chr9	79479268	79479418	1	151	0	22.53	847	0
1_TAP_Pax3_MB_peak_231_lociStitched	chr12	16478188	16478338	1	151	0	8.985	848	0
1_TAP_Pax3_MB_peak_108_lociStitched	chr10	23126739	23126890	1	152	0	16.3684	849	0
1_TAP_Pax3_MB_peak_738_lociStitched	chr3	144539256	144539407	1	152	9.664	12.8803	850	0
1_TAP_Pax3_MB_peak_1345_lociStitched	chrX	84747809	84747960	1	152	0	16.5496	851	0
1_TAP_Pax3_MB_peak_356_lociStitched	chr14	41644035	41644186	1	152	0	26.2438	852	0
1_TAP_Pax3_MB_peak_299_lociStitched	chr13	53269863	53270014	1	152	53.1822	540.0666	853	0
1_TAP_Pax3_MB_peak_94_lociStitched	chr1	195279180	195279331	1	152	43.3521	374.6008	854	0
1_TAP_Pax3_MB_peak_928_lociStitched	chr6	146289867	146290018	1	152	0	12.5934	855	0
1_TAP_Pax3_MB_peak_92_lociStitched	chr1	193560745	193560896	1	152	0.6795	19.1468	856	0
1_TAP_Pax3_MB_peak_250_lociStitched	chr12	52914619	52914770	1	152	0	2.5519	857	0
1_TAP_Pax3_MB_peak_543_lociStitched	chr18	46473320	46473472	1	153	0	11.6128	858	0
1_TAP_Pax3_MB_peak_1024_lociStitched	chr8	105431875	105432027	1	153	0	20.2008	859	0
1_TAP_Pax3_MB_peak_863_lociStitched	chr5	110886921	110887073	1	153	6.7792	19.7448	860	0
1_TAP_Pax3_MB_peak_402_lociStitched	chr14	123451577	123451729	1	153	24.5176	391.1568	861	0
1_TAP_Pax3_MB_peak_946_lociStitched	chr7	86806542	86806694	1	153	54.568	479.4688	862	0
1_TAP_Pax3_MB_peak_1121_lociStitched	chr9	104536863	104537015	1	153	0	6.0496	863	0
1_TAP_Pax3_MB_peak_132_lociStitched	chr10	72293315	72293467	1	153	45.1592	523.9744	864	0
1_TAP_Pax3_MB_peak_1118_lociStitched	chr9	95425893	95426046	1	154	49.5873	565.4421	865	0
1_TAP_Pax3_MB_peak_208_lociStitched	chr11	80748861	80749014	1	154	0	15.759	866	0
1_TAP_Pax3_MB_peak_154_lociStitched	chr10	114737340	114737493	1	154	26.01	436.9374	867	0
1_TAP_Pax3_MB_peak_829_lociStitched	chr5	46435731	46435884	1	154	36.9495	434.9484	868	0
1_TAP_Pax3_MB_peak_621_lociStitched	chr2	41896173	41896326	1	154	38.3724	455.3433	869	0
1_TAP_Pax3_MB_peak_460_lociStitched	chr16	45838008	45838162	1	155	10.6876	43.6282	870	0
1_TAP_Pax3_MB_peak_878_lociStitched	chr6	7576916	7577070	1	155	8.8858	18.5262	871	0
1_TAP_Pax3_MB_peak_37_lociStitched	chr1	60699543	60699698	1	156	6.138	31.248	872	0
1_TAP_Pax3_MB_peak_869_lociStitched	chr5	129085697	129085852	1	156	2.6505	12.8805	873	0
1_TAP_Pax3_MB_peak_300_lociStitched	chr13	60676548	60676703	1	156	49.4295	448.0275	874	0
1_TAP_Pax3_MB_peak_90_lociStitched	chr1	192454008	192454163	1	156	59.086	584.04	875	0
1_TAP_Pax3_MB_peak_35_lociStitched	chr1	59978394	59978549	1	156	0	24.118	876	0
1_TAP_Pax3_MB_peak_793_lociStitched	chr4	99381421	99381576	1	156	25.8075	274.3035	877	0
1_TAP_Pax3_MB_peak_699_lociStitched	chr3	50912630	50912786	1	157	0	9.438	878	0
1_TAP_Pax3_MB_peak_145_lociStitched	chr10	102668595	102668751	1	157	31.1532	455.6604	879	0
1_TAP_Pax3_MB_peak_610_lociStitched	chr2	19509283	19509439	1	157	40.2948	479.2476	880	0
1_TAP_Pax3_MB_peak_141_lociStitched	chr10	94872110	94872267	1	158	43.0337	466.447	881	0
1_TAP_Pax3_MB_peak_996_lociStitched	chr8	48417860	48418017	1	158	0	19.0598	882	0
1_TAP_Pax3_MB_peak_940_lociStitched	chr7	70848573	70848730	1	158	4.4745	10.6289	883	0
1_TAP_Pax3_MB_peak_986_lociStitched	chr8	35134868	35135026	1	159	65.0802	582.072	884	0
1_TAP_Pax3_MB_peak_546_lociStitched	chr18	48010387	48010545	1	159	61.0196	620.2922	885	0
1_TAP_Pax3_MB_peak_275_lociStitched	chr12	109773946	109774104	1	159	11.929	33.0852	886	0
1_TAP_Pax3_MB_peak_53_lociStitched	chr1	100738845	100739004	1	160	22.4826	322.8018	887	0
1_TAP_Pax3_MB_peak_661_lociStitched	chr2	110293576	110293735	1	160	35.4888	437.8542	888	0
1_TAP_Pax3_MB_peak_112_lociStitched	chr10	29970926	29971085	1	160	70.5801	731.3523	889	0
1_TAP_Pax3_MB_peak_26_lociStitched	chr1	44201209	44201368	1	160	39.7023	437.1864	890	0
1_TAP_Pax3_MB_peak_807_lociStitched	chr4	150461919	150462079	1	161	0	16.464	891	0
1_TAP_Pax3_MB_peak_937_lociStitched	chr7	49699178	49699338	1	161	0	9.008	892	0
1_TAP_Pax3_MB_peak_754_lociStitched	chr4	25472229	25472389	1	161	41.568	401.392	893	0
1_TAP_Pax3_MB_peak_827_lociStitched	chr5	39249985	39250145	1	161	0	8.608	894	0
1_TAP_Pax3_MB_peak_429_lociStitched	chr15	62351234	62351395	1	162	0	15.778	895	0
1_TAP_Pax3_MB_peak_904_lociStitched	chr6	81751344	81751505	1	162	0	7.4704	896	0
1_TAP_Pax3_MB_peak_643_lociStitched	chr2	81583830	81583991	1	162	3.8962	17.4041	897	0
1_TAP_Pax3_MB_peak_791_lociStitched	chr4	94695630	94695791	1	162	0	16.7279	898	0
1_TAP_Pax3_MB_peak_394_lociStitched	chr14	119286900	119287061	1	162	51.1175	468.0753	899	0
1_TAP_Pax3_MB_peak_302_lociStitched	chr13	77304905	77305066	1	162	17.5812	237.8131	900	0
1_TAP_Pax3_MB_peak_4_lociStitched	chr1	16210395	16210557	1	163	0	16.4268	901	0
1_TAP_Pax3_MB_peak_318_lociStitched	chr13	110917519	110917681	1	163	0	20.8332	902	0
1_TAP_Pax3_MB_peak_845_lociStitched	chr5	84281597	84281759	1	163	0	26.0658	903	0
1_TAP_Pax3_MB_peak_964_lociStitched	chr7	123780741	123780903	1	163	0	30.375	904	0
1_TAP_Pax3_MB_peak_931_lociStitched	chr6	149586409	149586571	1	163	41.958	543.51	905	0
1_TAP_Pax3_MB_peak_679_lociStitched	chr2	149573876	149574038	1	163	0	20.493	906	0
1_TAP_Pax3_MB_peak_859_lociStitched	chr5	106176743	106176905	1	163	24.9966	468.0342	907	0
1_TAP_Pax3_MB_peak_1152_lociStitched	chrUn_GL456370	11405	11567	1	163	14.4504	18.4194	908	0
1_TAP_Pax3_MB_peak_352_lociStitched	chr14	29599541	29599704	1	164	0	15.7132	909	0
1_TAP_Pax3_MB_peak_527_lociStitched	chr18	7033684	7033847	1	164	74.5888	782.9542	910	0
1_TAP_Pax3_MB_peak_375_lociStitched	chr14	74145383	74145546	1	164	0	20.6032	911	0
1_TAP_Pax3_MB_peak_326_lociStitched	chr13	116941276	116941439	1	164	9.1606	13.4149	912	0
1_TAP_Pax3_MB_peak_58_lociStitched	chr1	130082031	130082194	1	164	0	31.7361	913	0
1_TAP_Pax3_MB_peak_977_lociStitched	chr8	19802424	19802587	1	164	0	88.4601	914	0
1_TAP_Pax3_MB_peak_879_lociStitched	chr6	16874266	16874430	1	165	0	29.0116	915	0
1_TAP_Pax3_MB_peak_681_lociStitched	chr2	157791666	157791830	1	165	4.182	10.8732	916	0
1_TAP_Pax3_MB_peak_476_lociStitched	chr16	74697035	74697199	1	165	0	8.6756	917	0
1_TAP_Pax3_MB_peak_725_lociStitched	chr3	128209995	128210159	1	165	96.6452	912.8732	918	0
1_TAP_Pax3_MB_peak_381_lociStitched	chr14	90911158	90911322	1	165	41.6232	572.7208	919	0
1_TAP_Pax3_MB_peak_656_lociStitched	chr2	102703656	102703821	1	166	14.85	16.236	920	0
1_TAP_Pax3_MB_peak_232_lociStitched	chr12	16747792	16747957	1	166	94.413	1030.227	921	0
1_TAP_Pax3_MB_peak_484_lociStitched	chr16	97144990	97145155	1	166	0	13.794	922	0
1_TAP_Pax3_MB_peak_713_lociStitched	chr3	87425087	87425252	1	166	59.235	460.7955	923	0
1_TAP_Pax3_MB_peak_1027_lociStitched	chr8	108007026	108007192	1	167	0	18.9738	924	0
1_TAP_Pax3_MB_peak_1124_lociStitched	chr9	115350799	115350965	1	167	54.199	404.2764	925	0
1_TAP_Pax3_MB_peak_595_lociStitched	chr19	51482392	51482559	1	168	0	22.0941	926	0
1_TAP_Pax3_MB_peak_541_lociStitched	chr18	42913888	42914055	1	168	49.8495	821.0054	927	0
1_TAP_Pax3_MB_peak_1036_lociStitched	chr8	129301085	129301253	1	169	109.284	1090.5552	928	0
1_TAP_Pax3_MB_peak_669_lociStitched	chr2	138531230	138531399	1	170	0	9.0415	929	0
1_TAP_Pax3_MB_peak_313_lociStitched	chr13	106282575	106282744	1	170	0	15.5818	930	0
1_TAP_Pax3_MB_peak_324_lociStitched	chr13	116192862	116193032	1	171	47.073	608.583	931	0
1_TAP_Pax3_MB_peak_523_lociStitched	chr17	94887129	94887299	1	171	49.708	540.464	932	0
1_TAP_Pax3_MB_peak_34_lociStitched	chr1	58613890	58614060	1	171	64.379	188.547	933	0
1_TAP_Pax3_MB_peak_24_lociStitched	chr1	43318942	43319113	1	172	0	14.706	934	0
1_TAP_Pax3_MB_peak_437_lociStitched	chr15	87967970	87968141	1	172	73.9575	694.2942	935	0
1_TAP_Pax3_MB_peak_790_lociStitched	chr4	93844371	93844543	1	173	45.2704	450.0896	936	0
1_TAP_Pax3_MB_peak_267_lociStitched	chr12	91066660	91066832	1	173	0	23.564	937	0
1_TAP_Pax3_MB_peak_695_lociStitched	chr3	21698407	21698580	1	174	90.2195	926.6572	938	0
1_TAP_Pax3_MB_peak_91_lociStitched	chr1	193227775	193227949	1	175	62.9358	732.0354	939	0
1_TAP_Pax3_MB_peak_222_lociStitched	chr11	121982353	121982528	1	176	127.575	1423.975	940	0
1_TAP_Pax3_MB_peak_252_lociStitched	chr12	53566793	53566969	1	177	0	17.9696	941	0
1_TAP_Pax3_MB_peak_74_lociStitched	chr1	169039765	169039945	1	181	0	28.908	942	0
1_TAP_Pax3_MB_peak_828_lociStitched	chr5	45405612	45405793	1	182	0	21.6838	943	0
1_TAP_Pax3_MB_peak_877_lociStitched	chr5	151734541	151734722	1	182	139.6415	1594.429	944	0
1_TAP_Pax3_MB_peak_896_lociStitched	chr6	56233610	56233794	1	185	82.7816	1033.0128	945	0
1_TAP_Pax3_MB_peak_54_lociStitched	chr1	119852940	119853127	1	188	1.9261	18.887	946	0
1_TAP_Pax3_MB_peak_1017_lociStitched	chr8	83756838	83757027	1	190	121.716	1023.5673	947	0
1_TAP_Pax3_MB_peak_374_lociStitched	chr14	74065877	74066067	1	191	68.97	751.108	948	0
1_TAP_Pax3_MB_peak_424_lociStitched	chr15	54700146	54700337	1	192	0	15.6811	949	0
1_TAP_Pax3_MB_peak_592_lociStitched	chr19	45665245	45665438	1	194	14.9575	31.6713	950	0
1_TAP_Pax3_MB_peak_1355_lociStitched	chrX	143895470	143895666	1	197	0	16.2092	951	0
1_TAP_Pax3_MB_peak_248_lociStitched	chr12	47833887	47834084	1	198	350.9752	554.161	952	0
1_TAP_Pax3_MB_peak_551_lociStitched	chr18	55939426	55939623	1	198	2633.9885	4595.8721	953	0
1_TAP_Pax3_MB_peak_735_lociStitched	chr3	142191680	142191878	1	199	5.4846	446.589	954	0
1_TAP_Pax3_MB_peak_1359_lociStitched	chrX	170881081	170881280	1	200	181.687	1961.8216	955	0
1_TAP_Pax3_MB_peak_606_lociStitched	chr2	8112637	8112837	1	201	0	10.04	956	0
1_TAP_Pax3_MB_peak_254_lociStitched	chr12	56234750	56234951	1	202	0	13.668	957	0
1_TAP_Pax3_MB_peak_758_lociStitched	chr4	33282002	33282207	1	206	13.038	27.388	958	0
1_TAP_Pax3_MB_peak_716_lociStitched	chr3	99981115	99981322	1	208	790.533	905.3352	959	0
1_TAP_Pax3_MB_peak_755_lociStitched	chr4	27787156	27787365	1	210	0	3.8874	960	0
1_TAP_Pax3_MB_peak_303_lociStitched	chr13	77438876	77439086	1	211	11234.832	17844.057	961	0
1_TAP_Pax3_MB_peak_483_lociStitched	chr16	93789168	93789381	1	214	134.5947	1331.6121	962	0
1_TAP_Pax3_MB_peak_167_lociStitched	chr10	130594787	130595001	1	215	151.2766	1854.1388	963	0
1_TAP_Pax3_MB_peak_268_lociStitched	chr12	93576973	93577188	1	216	127.667	1157.1085	964	0
1_TAP_Pax3_MB_peak_266_lociStitched	chr12	90165609	90165829	1	221	0	14.432	965	0
1_TAP_Pax3_MB_peak_202_lociStitched	chr11	69073417	69073638	1	222	5.6576	38.4098	966	0
1_TAP_Pax3_MB_peak_331_lociStitched	chr14	8006020	8006241	1	222	69.3056	738.1621	967	0
1_TAP_Pax3_MB_peak_1098_lociStitched	chr9	42047090	42047316	1	227	0	41.3128	968	0
1_TAP_Pax3_MB_peak_380_lociStitched	chr14	86198954	86199185	1	232	184.3842	2108.5218	969	0
1_TAP_Pax3_MB_peak_838_lociStitched	chr5	60042793	60043024	1	232	0	767.3127	970	0
1_TAP_Pax3_MB_peak_630_lociStitched	chr2	57629489	57629724	1	236	182.454	2158.616	971	0
1_TAP_Pax3_MB_peak_649_lociStitched	chr2	92093586	92093826	1	241	149.688	1873.56	972	0
1_TAP_Pax3_MB_peak_330_lociStitched	chr13	120321423	120321665	1	243	281.4218	2935.7746	973	0
1_TAP_Pax3_MB_peak_774_lociStitched	chr4	80002722	80002965	1	244	0	1168.0281	974	0
1_TAP_Pax3_MB_peak_509_lociStitched	chr17	67741320	67741569	1	250	247.257	2436.216	975	0
1_TAP_Pax3_MB_peak_1358_lociStitched	chrX	170758261	170758524	1	264	335.9562	3723.0017	976	0
1_TAP_Pax3_MB_peak_485_lociStitched	chr16	98107521	98107800	1	280	466.5717	6483.7647	977	0
1_TAP_Pax3_MB_peak_95_lociStitched	chr1	195371701	195371993	1	293	283.2692	3465.748	978	0
2_TAP_Pax3_MB_peak_1352_lociStitched	chrX	134150071	134150365	2	191	80.2032	950.9724	979	0
1_TAP_Pax3_MB_peak_747_lociStitched	chr3	159939401	159939715	1	315	366.7834	4534.2856	980	0
1_TAP_Pax3_MB_peak_600_lociStitched	chr19	61331252	61331587	1	336	312.1195	4500.256	981	0
2_TAP_Pax3_MB_peak_568_lociStitched	chr18	77484170	77484512	2	301	7.5924	11.0124	982	0
2_TAP_Pax3_MB_peak_241_lociStitched	chr12	39797958	39798316	2	241	0	27.8166	983	0
1_TAP_Pax3_MB_peak_979_lociStitched	chr8	23095489	23095855	1	367	5204.1906	7039.1316	984	0
1_TAP_Pax3_MB_peak_1343_lociStitched	chrX	76598801	76599173	1	373	865.6068	2868.0456	985	0
1_TAP_Pax3_MB_peak_279_lociStitched	chr12	120028655	120029047	1	393	517.3224	6378.624	986	0
1_TAP_Pax3_MB_peak_564_lociStitched	chr18	73447664	73448070	1	407	123.0992	361.9084	987	0
1_TAP_Pax3_MB_peak_305_lociStitched	chr13	85126787	85127245	1	459	16.6712	2419.614	988	0
2_TAP_Pax3_MB_peak_782_lociStitched	chr4	88648709	88649168	2	238	22.3533	57.2832	989	0
1_TAP_Pax3_MB_peak_572_lociStitched	chr18	90602181	90602643	1	463	592.3302	8138.9154	990	0
1_TAP_Pax3_MB_peak_690_lociStitched	chr2	182012733	182013232	1	500	674.6979	6878.8647	991	0
2_TAP_Pax3_MB_peak_354_lociStitched	chr14	32410171	32410702	2	186	0	46.2501	992	0
1_TAP_Pax3_MB_peak_969_lociStitched	chr7	145340905	145341479	1	575	875.2926	10350.3106	993	0
2_TAP_Pax3_MB_peak_263_lociStitched	chr12	74803859	74804543	2	603	11556.864	14255.7912	994	0
1_TAP_Pax3_MB_peak_403_lociStitched	chr14	124801553	124802249	1	697	1150.2096	14141.9544	995	0
2_TAP_Pax3_MB_peak_493_lociStitched	chr17	13589886	13590583	2	272	1481.1947	1676.3547	996	0
2_TAP_Pax3_MB_peak_466_lociStitched	chr16	50503698	50504879	2	220	36.2567	205.0216	997	0
3_TAP_Pax3_MB_peak_814_lociStitched	chr5	4052689	4053953	3	416	137.144	332.0528	998	0
3_TAP_Pax3_MB_peak_750_lociStitched	chr4	3089552	3090991	3	1143	15706.5411	17378.5152	999	0
2_TAP_Pax3_MB_peak_688_lociStitched	chr2	181928449	181930349	2	220	886.92	1140.19	1000	0
3_TAP_Pax3_MB_peak_614_lociStitched	chr2	22588102	22590106	3	660	0	14593.9296	1001	0
7_TAP_Pax3_MB_peak_338_lociStitched	chr14	19416108	19419703	7	2005	1078007.1255	1533378.945	1002	0
4_TAP_Pax3_MB_peak_652_lociStitched	chr2	98662476	98666358	4	1122	1698042.7008	2348115.4332	1003	0
8_TAP_Pax3_MB_peak_171_lociStitched	chr11	3100378	3104736	8	1851	25272.9136	28852.139	1004	0
7_TAP_Pax3_MB_peak_16_lociStitched	chr1	24611508	24616163	7	2279	52.6015	74652.7005	1005	0
2_TAP_Pax3_MB_peak_19_lociStitched	chr1	29262448	29271328	2	262	78.144	393.384	1006	0
16_TAP_Pax3_MB_peak_1272_lociStitched	chrUn_GL456393	1	10516	16	4896	58583.271	65293.944	1007	0
2_TAP_Pax3_MB_peak_830_lociStitched	chr5	47462825	47475410	2	303	122.0745	1122.582	1008	0
13_TAP_Pax3_MB_peak_1288_lociStitched	chrUn_GL456396	6092	21067	13	2279	145019.3975	173025.6425	1009	0
27_TAP_Pax3_MB_peak_1150_lociStitched	chrM	14	16124	27	6320	716.895	394100.541	1010	0
23_TAP_Pax3_MB_peak_1254_lociStitched	chrUn_GL456392	335	23581	23	5061	328170.7558	447222.8202	1011	0
22_TAP_Pax3_MB_peak_1237_lociStitched	chrUn_GL456390	142	24165	22	3990	91827.9175	96356.253	1012	0
23_TAP_Pax3_MB_peak_1218_lociStitched	chrUn_GL456389	23	24529	23	4778	582943.8268	861474.1216	1013	0
48_TAP_Pax3_MB_peak_1195_lociStitched	chrUn_GL456383	1907	38567	48	9890	130524.264	146951.61	1014	0
46_TAP_Pax3_MB_peak_1047_lociStitched	chr9	3000011	3038332	46	31609	3569306.0783	5781814.9985	1015	0
42_TAP_Pax3_MB_peak_1321_lociStitched	chrUn_JH584304	68450	114315	42	40879	4022865.015	6167374.82	1016	0
